00000000000000000000000000000000000000000011111111111111111111111111
00000000000000000000000000000000011111111100000000000001111111111111
00000000000000000001111111111111100000000000000001111110000000111111
00000000000001111110000000011111100011111100000110000110000011000011
00000011111110000000000111100011100000000000111000011010011100001101
00011100001110001110000000000011111100011101001010000010100101000001
00100100110010010010011001100100100100100100010000101000001000010100
01101101010110110110101010101101101101101100000000000000000000000000
--------------------------

000000000000000000000000000000111111111111
000000000000000000000000011111000000111111
000000000000000111111111100000000011000011
000000000111111000011111101111001111001111
000011111000000001100011100000010001010001
011100111000111000000011110111110101110101
000101011001001010101101100001010011010011
101111101011011111110110111011000000000000
--------------------------

00000000000000000000000000000000000000000000000000001111111111111111
00000000000000000000000000000000000000001111111111110000000000000111
00000000000000000000000011111111111111110000000000000000000111111000
00000000000000001111111100000000111111110000111111110000011000011011
00000000111111110000000000001111000011110000000000000011100001101000
00001111000011110000111100000000000011111111000011110100101000001101
00110011001100110011001100110011001100110011001100110001000010100000
01010101010101010101010101010101010101010101010101010000000000000000
--------------------------

00000000000000000000000000000000000000000000000001111111111111111111111
00000000000000000000000000000000000000011111111110000001111111111111111
00000000000000000000000111111111111111100000000000000110000000011111111
00000000000000011111111000000001111111100011111110011110000001100001111
00000001111111100000000000011110000111100000000000100010011110000110011
00011110000111100001111000000000000111111100011111101010100110100000011
00100110011001100110011001100110011001100100100110100110001010001010101
01101010101010101010101010101010101010101101101010000000000000000000000
--------------------------

000000000000000000000000000011111111
000000000000000000000011111100001111
000000000000001111111100000000000000
000000000011110000111100111100000000
000011111100110011011101001101110111
011100011101010000001111010110011001
000100100100110101010101001100100010
101101101111111111111111111100100010
--------------------------

000000000000000000000001111
000000000000000000001110011
000000000011111111110000000
000000111100001111110110000
001111001100110001110010101
110011010111110110111111111
010101001101011011010010101
111111111111111111111111111
--------------------------

0000000000001111
0000000000000000
0000000000000000
0000000000000000
0000111111110111
1111000011111001
0011001100110010
0101010101010010
--------------------------

00000000011111111
00000000000111111
00000000000000000
00000000000000000
00011111101001111
11100011111110011
00100100101000101
01101101111010101
--------------------------

0000000000000000000000000000000111111111111111111111
0000000000000000000000000111111000000000000011111111
0000000000000000011111111000000000000011111100000000
0000000000000111100001111001111000001100001100000011
0000011111111001100110111010011001110000110100001100
0111100001111010100000011110101010010100000111110101
0001100110011001101010101010011000100001010000111100
0010101010101000000000000000000000000000000001010000
--------------------------

000000000111111111111111111111111111
000000000000000000000011111111111111
000000000000000011111100000000111111
000000000000001100001100000011000011
000111111001110000110100011100001101
111000111010010100000111101101111111
001001001000100001010000100100010100
011011011000000000000001100000000000
--------------------------

000111111111111
000000000111111
000000011000011
000001111000111
011010001001001
101110101111111
000010011001011
111000000010000
--------------------------

000000000000000000000000000001111111111111111111111
000000000000000000000000001110000001111111111111111
000000000000000011111111110000000110000000011111111
000000000000111100001111110110011110000000100001111
000011111111001100110001110010100010001111000110011
111100001111010111110110111111101011110011111111111
001100110011001101011011010010100110010101001010101
010101010101000000000000000000000000110000000000000
--------------------------

00000000000000000000000000000111111
00000000000000000000000111111000011
00000000000000011111111000000000000
00000000000111100001111001111000000
00011111111001100110111010011011101
01100001111010100000011110101100111
00000110011001101010101010011001001
10101010101111111111111111111001011
--------------------------

00000011111111
00000000001111
00000000000000
00000000000000
01111101110011
10011110011111
00100100100001
11101100100101
--------------------------

001111
000011
000000
000000
010101
111111
000101
111111
--------------------------

00000000000000000000000111111
00000000000000000001111001111
00000000011111111110000000000
00000111100001111110011000000
00111001100110001110101010011
11111010111110110111111111111
00001001101011011010101010001
01011111111111111111111110101
--------------------------

000000000000000000000000000011111111
000000000000000000000011111100001111
000000000111111111111100011101110111
000001111000000011111101101110011001
001110000000011100001100000000000000
010010001000100100011110110100000000
000100010001101100110100011100100010
111110111011111101111111111100100010
--------------------------

000000000000000000000001111
000000000000000000001110011
000000000111111111110010101
001111111000011111111111111
010001111000100011110000000
110010011001100100110110000
010100101011101101010010101
111111111111111111111111111
--------------------------

0000000000000000000000011111111
0000000000000000000000000001111
0000000000111111111111101110111
0000111111000000011111110011001
0111000011000111100111101110111
1001011101001000101011110011001
0010000111011001101100100100010
1111101111111011111101100100010
--------------------------

00000000000000000000001111
00000000000000000000000011
00000000011111111111110101
00111111100000011111111111
01000111100111100011110101
11011001111001101100111111
01001010101010110101010101
11111111111111111111111111
--------------------------

000000111111111
000000000011111
000111011100111
000000100101001
011011000000000
101101000011111
000111001000010
111111001010010
--------------------------

0000000000000011111111
0000000000000000111111
0000000111111101001111
0011111000111111110011
0100011001000100000000
1101101111011000111111
0100011011101101000101
1110111011101111010101
--------------------------

0000000001111
0000000000000
0001111110111
0110000111001
1010011010000
0000000000000
1010111010010
1000101000010
--------------------------

0011111111
0000001111
0101110111
0010011001
1101110111
1110011111
0100100010
1100100010
--------------------------

00000000000000000011111111
00000000000000000000111111
00000011111111111101001111
01111100000111111111110011
10001100111000111101001111
10110111111011011111111111
10001101001101100101000101
11011111011111101111010101
--------------------------

0000000000001111
0000000000000000
0000111111110111
1111000011111001
0000000000000000
0000000000000000
0011001100110010
0101010101010010
--------------------------

00000000011111111
00000000000111111
00011111101001111
11100011111110011
00000000000000000
00000000000000000
00100100101000101
01101101111010101
--------------------------

0000000000001111
0000000000000000
0000111111110111
1111000011111001
0000111111110111
1111000011111001
0011001100110010
0101010101010010
--------------------------

00000000011111111
00000000000111111
00011111101001111
11100011111110011
00011111101001111
11100011111110011
00100100101000101
01101101111010101
--------------------------

0001111
0000011
0000101
1111111
0110000
1010011
0000101
1111111
--------------------------

0000000000000000001111
0000000000000000000000
0000001111111111110111
1111110000001111111001
0001110011110111110111
0110110000000011111001
0001110100110100110010
1011011101011101010010
--------------------------

01111
00011
00101
11111
10101
11111
00101
11111
--------------------------

0000000000000000000000000000000111111111111111111111
0000000000000000000000000111111000000000000011111111
0000000000111111111111111000111000000011111100000011
0000011111000000001111111011011000001100001101111101
0011100000000001110000011000000001110000110100000000
0100100001000010010000111101101010010100000110000100
0001000110001110110011101000111000100001010000011011
0000001010010100000101000000000000000000000000101000
--------------------------

000000000000000000000000000001111111111111111111111
000000000000000000000000001110000001111111111111111
000000000001111111111111110010000110000000011111111
001111111110000001111111111110011111111111100111111
010000011110000010000011110000100010000111100001111
110000100110000110000100110111101010001001100000011
010011001010011110011101010010100110010010101010101
000101000000101000101000000000000000110000000000000
--------------------------

0000000001111
0000000000000
0000111110000
0000000000000
0111001110111
1001010011001
0010111110010
0010100100010
--------------------------

0000000000000011111111
0000000000000000111111
0000000001111100000000
0011111110011100111111
0100011110100101001111
1101100111101011110011
0100001011111101000101
1110101011111111010101
--------------------------

0000000000000000000000000011111111111111111111111111
0000000000000000000000000000000000000001111111111111
0000000000011111111111111100000001111110000000011111
0000111111100000000111111100000110000110111111100011
0111000001100011111001111100111000011010000001101101
1001011110100100001010111101001010000011011110110110
0010000111101100111011001100010000101000000111111111
0000001010000001010000010100000000000000001010000000
--------------------------

000000000000000000000000000011111111111111111111111111
000000000000000000000000000000000011111111111111111111
000000000001111111111111111100001100000000111111111111
001111111110000000011111111100111111111111000000111111
010000011110011111100011111101000100001111001111001111
110111100111100001101100111111010111110011110011110011
010001101010100110110101001101001100110101010101010101
000010100000001010000000010100000001010000000000000000
--------------------------

0000000000000011111111
0000000000000000001111
0000011111111100000000
0111100000111100001111
1001100111011101110011
1010100001001110010101
0001101011010100100011
0111111110111100101111
--------------------------

0000000000000000111111
0000000000000000001111
0000001111111111000000
0111110000111111001111
1001110011000111010011
1010111111011011111111
1001010101101101010001
1111011111111111110101
--------------------------

000000000111111111111111111111111111
000000000000000000000011111111111111
000111111000000011111100000000111111
111000111000001100001101111111011111
000000000001110000110100000111000111
000000000010010100000110001001000001
001001001000100001010000010010001010
011011011000000000000000110000000000
--------------------------

000111111111111
000000000111111
011000011000011
101001111111111
000010001000101
000110101001101
000010011000111
111000000010000
--------------------------

000000111111111
000000000011111
001111000000000
110011000011111
010101011100111
000000100101001
010101001000010
111111001010010
--------------------------

0001111
0000011
0110000
1010011
0000101
1111111
0000101
1111111
--------------------------

0000000001111111111111111111111
0000000000000000001111111111111
0001111110000011110000000111111
1110001110001100110111111000111
0001111110110001010000011011011
1110001111010100011011101101101
0010010010000000000000100000000
0110110110000000000001100000000
--------------------------

0001
0001
0110
1011
0110
1011
0000
1111
--------------------------

0000001111
0000000111
0011110000
1100110111
0111111011
1100111111
0101010001
1111110101
--------------------------

0001
0001
0110
1011
0110
1111
0000
1111
--------------------------

00000000000000000000000000000111111
00000000000000000000000111111000011
00000000111111111111111000111011101
00000111000000001111111011011100111
00111000000001110000011000000000000
01001001000010010000111101101000000
00010000001110110011101000111001001
11111011010111110101111111111001011
--------------------------

00000000000000000000000111111
00000000000000000001111001111
00000000011111111110011010011
00111111100111111111111111111
01000111101000011110000000000
11001001111000100110101000000
01000010111001101010011010001
11011111111011111111111110101
--------------------------

0000000000000000001111
0000000000000000000000
0000001111111111110111
0000110000001111111001
0111000111110011110111
1001111000011111111001
0010001001111100110010
1111011010110101010010
--------------------------

00000000000000000011111111
00000000000000000000111111
00000000111111111101001111
00111111001111111111111111
01001111010011111101001111
11110011110100011111110011
01000101111100100101000101
11011111111101101111010101
--------------------------

0000000000000011111111
0000000000000000001111
0000011111111101110011
0000100001111110010101
0111001110011100000000
1001110010101100001111
0010010110110100100011
1111111110101100101111
--------------------------

0000000000000000111111
0000000000000000001111
0000000111111111010011
0011111001111111111111
0101111010001111000000
1110011110110011001111
0100101111010101010001
1111111111011111110101
--------------------------

000000001111
000000000000
011111110111
001111111001
110111110111
110011111001
010100110010
111101010010
--------------------------

00000000000111111
00000000000001111
00011111111010011
01101111111111111
11110001111010011
11110110111111111
10111011001010001
11111111011110101
--------------------------

00000011111111
00000000001111
01111101110011
10011110011111
00000000000000
00000000000000
00100100100001
11101100100101
--------------------------

001111
000011
010101
111111
000000
000000
000101
111111
--------------------------

0000001111
0000000111
0111111011
1001111111
0110110000
1001110111
0011010001
1111110101
--------------------------

0001
0001
0110
1111
0110
1011
0000
1111
--------------------------

0011111111
0000001111
1101110111
1110011111
0101110111
0010011001
0100100010
1100100010
--------------------------

01111
00011
10101
11111
00101
11111
00101
11111
--------------------------

00011
00001
11111
11111
11111
11111
00100
01100
--------------------------

0
0
1
1
1
1
0
1
--------------------------

00000000000000000000000000000000000000000011111111111111111111111111
00000000000000000000000000111111111111111100000000000001111111111111
00000000000000111111111111000000000011111100000001111110000000111111
00000000001111000000001111000000111100001100000110000110000011000011
00001111110000000011110011000111000000110100111000011010011100001101
00110000110011000000000011011001001100000101001010000010100101000001
00000011000000001100110000000010000001010000010000101000001000010100
01010101010101010101010101001000010100000000000000000000000000000000
--------------------------

0000000000000000000000000000000000111111111111
0000000000001111111111111111111111000000111111
0000000011110000000000001111111111000011000011
0000111111110000000011110000111111001111001111
0011000000110001111100000011000111010001010001
1111001100110110011100110000000111110101110101
0011000011110000101100000101011011010011010011
0101010101011011110101011111101101000000000000
--------------------------

0000000000000000000000000000000000000000000011111111
0000000000000000000000000011111111111111111100001111
0000000000000011111111111100000000000011111100000000
0000000000111100000000111100000000111100001100000000
0000111111000000001111001100011111000000110101110111
0011000011001100000000001111100111001111111110011001
0000001100000000110011000000101011000001010000100010
0101010101010101010101010101101001010100000000100010
--------------------------

00000000000000000000000000000001111
00000000000011111111111111111110011
00000000111100000000011111111110000
00001111111100000001100001111110000
00110000001100111110000110001110101
11110011001111001111111111111111111
00110000111100010110001010110110101
01010101010101111010111111011011111
--------------------------

0000000001111111
0000001110001111
0000000000000000
0000000000000000
0011110110110011
1100111011011101
0000000000000000
0101010000000100
--------------------------

00000000011111111111
00001111100001111111
00000000000000000000
00000000000000000000
00110011100110011111
11111101111111100111
00110011100110001011
01010110101010111101
--------------------------

00000000111111111111111111111111111
00000011000000000000001111111111111
00000000000000001111110000000111111
00000000000000110000110000011000011
00111101001111000011010011100001101
11001111010001010000011111101111111
00000000000110000101000001100010100
01010100000010000000000100100000000
--------------------------

000000001111111111111111111111
000011110000000011111111111111
000000000000001100000011111111
000000000000111100000100001111
001100110011000100111000110011
111111111111010111111111111111
001100110011001100011001010101
010101010101111101101111111111
--------------------------

0001111111
0010000011
0000000000
0000000000
1110111101
0001000110
1110011001
0101101110
--------------------------

0000001111111111111111111
0011110000000000000011111
0000000000000011111100000
0000000000001100001100011
1100110011110000110100100
0011110100010100000111101
1100110001100001010000100
0101011110111111111101011
--------------------------

0000000000000000000000000000000000000000000011111111
0000000000000000000000000011111111111111111100001111
0000000000000011111111111100000000001111111101110111
0000000000111100000000111100111111110011111110011001
0000111111000000001111001100000001110000011100000000
0011000011001100000000001111000110010000000100000000
0000001100000000110011000000001000100101101000100010
0101010101010101010101010101011010000100100000100010
--------------------------

00000000000000000000000000000001111
00000000000011111111111111111110011
00000000111100000000011111111110101
00001111111111111111100111111111111
00110000001100001111100000111110000
11110011001100110011100000001110000
00110000111100000101101011010110101
01010101010101011110111101111011111
--------------------------

0000000000000000000000000000000000000000000011111111
0000000000000000000000111111111111111111111100001111
0000000000001111111111000000000001111111111101110111
0000000011110000001111001111111110000001111110011001
0001111100000001110011000000011110011110011101110111
0110001100110000000011110011100111100111100110011001
0000010000000010010000000000101010101010101000100010
1010110101010110110101010101101010101010101000100010
--------------------------

0000000000000000000000001111
0000001111111111111111110011
0000110000001111111111110101
0011111111110000001111111111
0100010011110011110011110101
1101011100111100111100111111
0100110101010101010101010101
1111111111111111111111111111
--------------------------

0000000001111
0000001111111
0000000000000
0000001110011
0011110110000
1100111011101
0000000000000
0101010000100
--------------------------

0000000001
0000111111
0000000000
0000111111
0011001110
1111110111
0011001110
0101011010
--------------------------

0000011111111111111111
0000100000000111111111
0000000111111000111111
0000111000011011000011
0111100001101000001101
1011101000001101111111
0000000010100000010100
1101000010100100010100
--------------------------

0000011111111111111
0011100001111111111
0000000110011111111
0011111111100001111
0100100010000110011
1111101011111111111
0100100110001010101
1101111110111111111
--------------------------

00001
00111
00000
00111
11010
00000
11010
01000
--------------------------

000000011111111111
011111100000000111
000000000111111000
011111111000011111
100011100001101000
001101101000001011
100011100010100000
110110111111111101
--------------------------

0000000001111111
0000001110001111
0011110110110011
1100111011011101
0000000000000000
0000000000000000
0000000000000000
0101010000000100
--------------------------

00000000011111111111
00001111100001111111
00110011100110011111
11111101111111100111
00000000000000000000
00000000000000000000
00110011100110001011
01010110101010111101
--------------------------

0000000001111
0000001111111
0011110110000
1100111010111
0000000000000
0000001111001
0000000000000
0101010000010
--------------------------

0000000001
0000111111
0011001110
1111110111
0000000000
0000111111
0011001110
0101011010
--------------------------

0000000001111111
0000001110001111
0011110110110011
1100111011011101
0011110110110011
1100111011011101
0000000000000000
0101010000000100
--------------------------

00000000011111111111
00001111100001111111
00110011100110011111
11111101111111100111
00110011100110011111
11111101111111100111
00110011100110001011
01010110101010111101
--------------------------

0000000001111111111111
0000001110000001111111
0011110110011110001111
1100111011100111110011
0011110110001010000101
1100111110100010111111
0000000000000000000000
0101010000000000010000
--------------------------

00000000011111111111111111111
00001111100000000111111111111
00110011100001111001111111111
11111101111111111110000111111
00110011100000011000011000111
11111111100110011111111111111
00110011100001111000101011011
01010110101010101011111101101
--------------------------

00000000111111111111111111111111111
00000011000000000000001111111111111
00111101000000011111110000000111111
11001111000001100000110111111111111
00000000001110000011010000111000111
00000000010010100000011001001000001
00000000000100001101000000010011010
01010100000000000100000010000001000
--------------------------

000000001111111111111111111111
000011110000000011111111111111
001100110000011100000001111111
111111110011111111111111111111
000000000100000100011110001111
000000001100100100100110000011
001100110100011100001010110101
010101011101101101111111011111
--------------------------

0000011111111111111111
0000100000000111111111
0111100000111000000111
1011100001001011111111
0000001110111000111111
0000110011001101001001
0000000100010000010010
1101000100010010010010
--------------------------

0000011111111111111
0011100001111111111
0100100010000001111
1111100111111111111
0000001010011111111
0011111111100110011
0100101010001010101
1101111110111111111
--------------------------

0000000001111111111111
0000001110000001111111
0011110110000110000011
1100111110001010111111
0011110110110110001111
1100111011011011110101
0000000000000000000000
0101010000000000010000
--------------------------

00000000011111111111111111111
00001111100000000111111111111
00110011100000011000000011111
11111111100001111111111111111
00110011100110011001111111111
11111101111111111110011100111
00110011100110011000101101011
01010110101010101011110111101
--------------------------

000001111111
000010001111
011110110011
101110111111
011111010101
101111011111
000000000000
110100001000
--------------------------

000011111111111111
001100000011111111
010100001100001111
111100111111111111
010101000100110011
111111010111111111
010101001100010101
111111111101111111
--------------------------

0001111111
0010000011
1110111101
0001000110
0000000000
0000000000
1110011001
0101101110
--------------------------

00001
00111
11010
00000
00000
00111
11010
01000
--------------------------

0001111111
0010000011
1110111101
0001000110
1110111101
0001000110
1110011001
0101101110
--------------------------

000111111111111111
001000000000011111
111001111111100011
000110000001101100
111000001110100001
001010000000110111
111000110110000011
010111011011101100
--------------------------

0000001111111111111111111
0011110000000000000011111
1100110000000111111100001
0011110000011000001101111
0000000011100000110100000
0000000100101000000110010
1100110001000011010000001
0101011111111101111110110
--------------------------

000000011111111111
011111100000000111
100011100000111000
001101100001001011
000000001110111000
011111110011001111
100011100100010000
110110111111111101
--------------------------

000111111111111111
001000000000011111
111000000111100001
001000001000101111
111011110111100011
000100011000110100
111001100011000011
010110111101110100
--------------------------

011111111111111111
000000000000001111
100000001111110000
000000110000110111
100111000011010000
001001010000011011
100010000101000000
111111111111111101
--------------------------

0000111111
1111000011
0000000000
0000000000
0000011100
1111100111
0011001000
0101111101
--------------------------

00011111111
11100111111
00000000000
00000000000
00001001111
11111110011
00101000101
01111011111
--------------------------

0001
1111
0000
0000
0110
1011
0000
1111
--------------------------

00111111111111111
11000000001111111
00000000110000011
00000011110000111
01001100010011001
11111101011111111
00001100110011011
11010100000101000
--------------------------

0000111111
1111000011
0000011100
1111100111
0000000000
0000000000
0011001000
0101111101
--------------------------

00011111111
11100111111
00001001111
11111110011
00000000000
00000000000
00101000101
01111011111
--------------------------

0000111111
1111000011
0000011100
1111100111
0000011100
1111100111
0011001000
0101111101
--------------------------

00011111111
11100111111
00001001111
11111110011
00001001111
11111110011
00101000101
01111011111
--------------------------

0001
1111
0000
1111
0110
1011
0000
1111
--------------------------

001111111
110000111
000011011
111111111
010001001
110101111
000011011
111111111
--------------------------

0001
1111
0110
1011
0000
0000
0000
1111
--------------------------

0001
1111
0110
1011
0000
1111
0000
1111
--------------------------

0001
1111
0110
1011
0110
1011
0000
1111
--------------------------

0001
1111
0110
1011
0110
1111
0000
1111
--------------------------

00111111111111111
11000000001111111
01000001110000111
11001111111111111
00010000010001001
00110010010011001
00010001110001111
11000100100100010
--------------------------

001111111
110000111
010001001
110011111
000101011
111111111
000101011
111111111
--------------------------

0001
1111
0110
1111
0110
1011
0000
1111
--------------------------

001
111
010
111
010
111
000
111
--------------------------

1111111111111111
0000000000000111
0000000111111000
0000011000011011
0011100001101000
0100101000001101
0001000010100000
1111111111111111
--------------------------

1111111111111111111111
0000001111111111111111
0000110000000011111111
0011110000001100001111
0100010011110000110011
1101010100110100000011
0100110001010001010101
1111111111111111111111
--------------------------

000000000000000000011111111111111111111111
000000000011111111100000000000001111111111
000111111100011111100000001111110000011111
000000000000011111100000110000110001100011
111000111111100011100111000011010110001101
000000000011100011101001010000011010100001
001001001100100100100010000101000000000100
011011010101101101100000000000000000000000
--------------------------

00000000011111111
00001111100000011
01110111100001101
00000111100111111
10111011101000101
00001011111010111
00010001101001101
11111110100000000
--------------------------

0000000000000000000000001111111111111111111111
0000000000001111111111110000000000000111111111
0000111111110000111111110000000111111000001111
0000000000000000111111110000011000011000111111
1111000011111111000011110011100001101011000011
0000000000001111000011110100101000001111010011
0011001100110011001100111101111010111101110101
0101010101010101010101010000000000000000000000
--------------------------

00000000000000000000111111111111111
00000000001111111111000000111111111
00011111110001111111000011000111111
00000000000001111111001111001000111
11100011111110001111010001110011011
00000000001110001111110101011000011
00100100110010010011111111001001001
01101101010110110101000000000000000
--------------------------

000000000001111
000001111110000
001110011110000
000000011110000
110111101110111
000001100111001
010010101010010
111111111110010
--------------------------

0000000011
0000111100
0111011100
0000011100
1011101101
1111111111
0001000101
1111111111
--------------------------

00000000000111111111111111111111111
00000111111000000000000011111111111
00111001111000000001111100000001111
00000001111000000110001100000111111
11011110111011111110111101111110111
00000110011100001010000111111010011
01001010101100111110011110011110101
00000000000001010000000000101000000
--------------------------

000000001111111111111111111111
000011110000000000011111111111
011101110000000001100000111111
000001110000000111100001000111
101110110011111111111111011011
111111111100011010101111111111
000100010100101111100011001001
000000000001100000000110000000
--------------------------

00000000000111111
00000111111000011
00111001111000000
00000001111000000
11011110111111111
00000110011000111
01001010101011101
11111111111101011
--------------------------

00000000001111
00000111110011
00111001110000
00000001110000
11011110111111
11111111111111
01001010010101
11111111111111
--------------------------

000000000001111
000001111110000
011110111110111
000000011111001
100111100110000
000001100110000
001010101010010
111111111110010
--------------------------

0000000011
0000111100
0111011101
1111111111
1011101100
0000101100
0001000101
1111111111
--------------------------

00000000000111111111111111111111111
00000111111000000000000011111111111
01111011111001111111111100111111111
00000001111010000000011101001111111
10011110011100000011100110010000011
00000110011000000100101110110000111
00101010101010011101111101110011101
00000000000000101000000000000101000
--------------------------

000000001111111111111111111111
000011110000000000011111111111
011101110011111111100111111111
111111111100000111111011111111
101110110000001000111000001111
000010110000011001101000010011
000100010100111011100000110101
000000000001100000000001100000
--------------------------

00000000000111111
00000111111000011
01111011111111111
00000001111000111
10011110011000000
00000110011000000
00101010101011101
11111111111101011
--------------------------

00000000001111
00000111110011
01111011111111
11111111111111
10011100110000
00000100110000
00101001010101
11111111111111
--------------------------

00000000000000000000000000000000000000000000011111111111111111111111111
00000000000000000000000000111111111111111111100000000000001111111111111
00000000000000111111111111000000000011111111100000001111110000000111111
00000000001111000000001111000000111100011111100000110000110000011000011
00001111110000000011110011001111000001100011100111000011010011100001101
00110000110011000000000011110111001100000011101001010000010100101000001
01010011010101001100110101010001010100100100100010000101000001000010100
01010101010101010101010101010011010100001101100000000000000000000000000
--------------------------

00000000000000000000000111111111111
00000000000011111111111000000111111
00000000111100001111111000011000011
00001111111100110001111001111001111
00110000001111000110111010001010001
11110011001101110000111110101110101
01110101111100010010011010011010011
01010101010111011111101000000000000
--------------------------

000000000000000000000000000000000000000000011111111
000000000000000000000011111111111111111111100001111
000000000000111111111100000000001111111111100000000
000000001111000000111100000011110001111111100000000
001111111111001111111100111111110110001111101110111
110000110011000000001111011100111110010011110011001
010011010101000011010101000101010010000100100100010
010101010101010101010101001101010000100101100100010
--------------------------

000000000000000000000000001111
000000000000000111111111110011
000000000001111000011111110000
000000011111111001100011110000
001111111111111111101101110101
110111100110011011111111111111
010001101011111000100100110101
111010101010101110111111011111
--------------------------

00000011111111111
00000000000111111
00000000000000000
00000000000000000
00111101111001111
11001110001110111
01010100010010001
01010100110010011
--------------------------

000011111111111
000000001111111
000000000000000
000000000000000
001100110011111
111111111100111
011101110101011
010101010111101
--------------------------

00000000111111111111
00001111000000111111
00000000000000000000
00000000000000000000
11111111011111001111
00001111100001111111
00110011100111110011
01010101101011010101
--------------------------

000000111111111
000111001111111
000000000000000
000000000000000
111111010111111
000111111000111
001001111001001
011011111011011
--------------------------

00111111111
00000001111
00000000000
00000000000
11011110111
00100011011
11101111101
01110111011
--------------------------

00001111111111111111111111111
00000000000000001111111111111
00000000000111110000001111111
00000000011000110000110001111
11111111111011111111110110011
00110000101000011111011110101
01010011000001000011000010000
01010101000000000101000000000
--------------------------

000000001111111111111111111111
000011110000000000001111111111
000000000000000111110000001111
000000000000011000110000111111
111111111111111011111111110111
000011110000101000011111010011
001100110011111001110011110101
010101010101111111110101111111
--------------------------

0000000111111111111111111
0000111000000011111111111
0000000000001100000111111
0000000000111100001000111
1111111111111111111011011
1111111111010111111111111
0011001011111100111001001
0101011001111101011111111
--------------------------

000000000000000000000000000000000000000000011111111
000000000000000000000011111111111111111111100001111
000011111111111111111100000011111111111111101110111
001100000000000011111100111100000111111111110011001
110000000011111100001111001100011000001111100000000
000000001100001100111111000101111000110011100000000
000100110100110101010100010000101001010100100100010
010101010101010101010101010000101011010001100100010
--------------------------

000000000000000000000000000000000000000000000011111111
000000000000000000000001111111111111111111111100001111
000000001111111111111110000000011111111111111101110111
001111110000000001111110011111100000011111111110011001
110011110000111110011111100111100111100001111101110111
001100110011000111100111111001111001100110011110011001
000101010001001010101010001010101010100010100100100010
010101010101011010101010101010101010101010101100100010
--------------------------

000000000000000000000000001111
000000000000000111111111110011
001111111111111001111111110101
110000011111111110111111111111
000001100000011110000111110000
000111100001111010011001110000
010011100110111000001010110101
111010101010101111101111011111
--------------------------

0000000000000000000000000000000001111
0000000000000000011111111111111110011
0000001111111111100000111111111110101
1111110000001111111111000001111111111
0011110011110011100111011110011110101
1100111100111100111011100111100111111
0101010101010101101001001010101010101
1111111111111111111111111111111111111
--------------------------

0000011111
0001100111
0110101011
0000000000
1111111101
0001100111
0110101011
0010000000
--------------------------

00000011111111111
00000000000111111
00111101111001111
11001110001110111
00000000000000000
00000000000000000
01010100010010001
01010100110010011
--------------------------

000011111111111
000000001111111
001100110011111
111111111100111
000000000000000
000000000000000
011101110101011
010101010111101
--------------------------

00000011111111111
00000000000111111
00111101111001111
11001110001110111
00111101111001111
11001110001110111
01010100010010001
01010100110010011
--------------------------

000011111111111
000000001111111
001100110011111
111111111100111
001100110011111
111111111100111
011101110101011
010101010111101
--------------------------

0000001111111111111111
0000000000011111111111
0011110111100001111111
1100110000001110011111
1111111001111110100011
0000000000010011100100
0101010000100100000001
0101010010100100001001
--------------------------

0000011
0000111
0011000
1111111
1111111
0000101
0111000
0101000
--------------------------

00000011111111111111111111
00000000000000111111111111
00111100111111000011111111
11001111000011011100111111
11111111011111111101001111
11001101000001101111010111
01010100000100000100000001
01010100001100000100000011
--------------------------

000011111111111111111
000000000000111111111
001100001111001111111
111111111111110001111
111111111111110110111
111100110011111111111
011101011111010010011
010101010101011111101
--------------------------

00000000000111111111111111111
00000111111000000000111111111
01111011111011111111011111111
00000001111000000011000111111
11111111111101111101101001111
00000111111010000111111111111
00011010011010011111011110011
10101110101110101111111010101
--------------------------

000000001111111111111
000011110000111111111
011101111111001111111
111111110011111111111
111111110101110111111
000011111111011000111
000100011111001001001
101110111111111011011
--------------------------

00000000111111111111
00001111000000111111
11111111011111001111
00001111100001111111
00000000000000000000
00000000000000000000
00110011100111110011
01010101101011010101
--------------------------

000000111111111
000111001111111
111111010111111
000111111000111
000000000000000
000000000000000
001001111001001
011011111011011
--------------------------

0000011111
0001100111
1111111011
0001100111
0110101101
0000000000
0110101101
0010000000
--------------------------

0000001111111111111111
0000000000011111111111
1111110011100001111111
0000000000000110000111
0011111101111110011001
1100110000011011111010
0101010000100000101000
0101010100101000101000
--------------------------

0000011
0000111
1111111
0000101
0011000
1111111
0111000
0101000
--------------------------

00000000000111111111111111111
00000111111000000000111111111
11111111111001111111000111111
00000111111110000011111111111
01111011111110111111111011111
00000001111010000001011001111
00011010011110001111111010011
10101110101111010111101110101
--------------------------

000000001111111111111
000011110000111111111
111111110011011111111
000011111111100001111
011101111111101110111
111111110101111111111
000100011111100010001
101110111111110111011
--------------------------

00000000111111111111
00001111000000111111
11111111011111001111
00001111100001111111
11111111011111001111
00001111100001111111
00110011100111110011
01010101101011010101
--------------------------

000000111111111
000111001111111
111111010111111
000111111000111
111111010111111
000111111000111
001001111001001
011011111011011
--------------------------

0001111111111111111111
0000000000011111111111
1110001111100001111111
0000110001100110001111
1111110111111110110011
0110010000111011110101
1010000010000000010000
1011000010001000010000
--------------------------

00111111111
00000001111
11011110111
00100011011
00000000000
00000000000
11101111101
01110111011
--------------------------

00111111111
00000001111
11011110111
00100011011
11011110111
00100011011
11101111101
01110111011
--------------------------

0011111111111111111
0000000000011111111
1100011111100011111
0001100001101101111
1111101111111110111
0000100000110110011
1101100111101110101
0101111011101101111
--------------------------

00001111111111111111111111111
00000000000000001111111111111
11110111111111110001111111111
00110000000001110110011111111
00001000001110011110100000111
00000000010010111011100001001
01010001100100000000000110010
01010010100000000000001010000
--------------------------

000000001111111111111111111111
000011110000000000001111111111
111111110111111111110111111111
000011110000000001110001111111
000000001000001110011010000011
000000000000010010111110000111
001100110001110111110110011101
010101011010111111111110101111
--------------------------

0001111111111111111111
0000000000011111111111
1110111111100011111111
0110000001101100111111
1111001110111101000111
0000010011110111001001
1010000100000000000010
1010100100000000010010
--------------------------

00000011111111111111111111
00000000000000111111111111
11111101111111000111111111
00111100000011011001111111
11001110111101111010001111
00111101000111101110110111
01010100001000000000010001
01010100011000000000010011
--------------------------

0011111111111111111
0000000000011111111
1101111111101111111
0000000001100011111
1110011110110100111
0000100011111101011
1100101111101101101
0110110111111101011
--------------------------

00011111111111111
00000000111111111
11111111001111111
01100011010111111
11111111111001111
01100101111010111
10101000000000001
10111000000000011
--------------------------

011111111111111111
000000000011111111
101111111101111111
000000001100111111
110111111111011111
000000010111001111
100001111101010011
111010111111110101
--------------------------

0000000111111111111111111
0000111000000011111111111
1111111111111100111111111
1111111001111111111111111
0000000010000111000001111
0000000110001101000010011
0011001110111100001110101
0101011110011111010111111
--------------------------

000011111111111111111
000000000000111111111
111111111111001111111
111100001111111111111
001100110011110011111
111111111111011100111
011101110111000101011
010101010101110111101
--------------------------

011111111
000011111
111101111
101111111
111110111
110111111
111100001
111111011
--------------------------

1111
0000
0000
0000
0111
1001
1111
0010
--------------------------

11
00
00
00
01
11
11
11
--------------------------

111111111111111111111111111
000000000000011111111111111
000000001111100000001111111
000000110001100000110001111
011111110111101111110110011
100001010000110111011110101
000110000010000001000010000
001010000000000011000000000
--------------------------

1111111111
0000000111
0000011001
0001111011
1111111111
0110101111
0010011001
1000000100
--------------------------

111111
000011
000000
000000
111111
000111
001001
011011
--------------------------

111
001
000
000
111
111
010
111
--------------------------

1111111
0000011
0011101
0100100
1111111
0000011
0001001
1001011
--------------------------

1111
0000
0111
1001
0000
0000
1111
0010
--------------------------

11
00
01
11
00
00
11
11
--------------------------

1111
0000
0111
1001
0111
1001
0010
0010
--------------------------

11
00
01
11
01
11
01
11
--------------------------

1111
0000
0111
1001
0111
1001
1111
0010
--------------------------

11
00
01
11
01
11
11
11
--------------------------

111
001
010
111
111
001
010
111
--------------------------

1111
0000
0111
1001
1111
0000
1111
0010
--------------------------

11
00
01
11
11
00
11
11
--------------------------

1111
0000
0111
1001
1111
1001
0010
0010
--------------------------

11
00
01
11
11
11
01
11
--------------------------

1111
0000
0111
1001
1111
1001
1111
0010
--------------------------

11
00
01
11
11
11
11
11
--------------------------

111111111111111111111111111
000000000000011111111111111
001111111111100001111111111
010000000011101110001111111
100000011100110110010000111
000000100101110010110001001
000011001000000000000010010
000101000000000000000110000
--------------------------

11111111111111111111111111
00000000000001111111111111
00001111111110000111111111
01110000001110111000111111
10110011110111011011001111
01010100011011101101010111
00000000100000000000000001
00000001100000000000000011
--------------------------

1111111111111111111111111111
0000000000000011111111111111
0000111111111100001111111111
0111000000011101110001111111
1011001111101110110110011111
0101010000110111011010101111
0111010011111101111110110011
0000000101000000000000000101
--------------------------

1111111111111111111111111111111111111
0000000000000000000111111111111111111
0000001111111111111000001111111111111
1111110000000011111111110000011111111
0011110011111100111001110111100111111
1100111100001111001110111001111001111
0101010100110101011010010010101010011
0000000001010000000000000000000000101
--------------------------

111111111
000001111
011110111
000010011
111111111
000001111
001110101
110101111
--------------------------

111111
000111
011011
111111
111111
000111
001001
111111
--------------------------

1111111111
0000000111
1111111111
0001111111
0010001001
0110011011
0010101001
1000000100
--------------------------

1111111
0000011
1111111
0000011
0011101
0100100
0001001
1001011
--------------------------

111
001
111
001
010
111
010
111
--------------------------

1111
0000
1111
0000
0111
1001
1111
0010
--------------------------

11
00
11
00
01
11
11
11
--------------------------

111111111
000001111
111111111
000001111
011110111
000010011
001110101
110101111
--------------------------

111111
000111
111111
000111
011011
111111
001001
111111
--------------------------

11
01
11
01
11
01
00
11
--------------------------

11111
00011
11111
00011
11111
00111
01001
11011
--------------------------

11
01
11
01
11
11
00
11
--------------------------

111111
000011
111111
000111
000000
000000
001001
011011
--------------------------

1111
0000
1111
0011
1101
0011
0100
0100
--------------------------

1111
0000
1111
0011
1101
0011
1111
0100
--------------------------

11111
00011
11111
00111
11111
00011
01001
11011
--------------------------

111
000
111
001
111
001
111
010
--------------------------

111
001
111
111
000
000
010
111
--------------------------

11
00
11
11
01
11
01
11
--------------------------

11
00
11
11
01
11
11
11
--------------------------

11
01
11
11
11
01
00
11
--------------------------

1
0
1
1
1
1
0
0
--------------------------

1
0
1
1
1
1
1
1
--------------------------

1111111111111111111111
0000000000000111111111
0000000111111000001111
0000011000011000111111
0011100001101011000011
0100101000001111010011
1101111010111101110101
1111111111111111111111
--------------------------

1111111111111111111111
0000001111111111111111
0000110000000011111111
0011110000001100001111
0100010011110000110011
1101010100110100000011
1111111101011101010101
1111111111111111111111
--------------------------

11111111111111
00000000111111
00000011000001
00001111000011
11111111111111
11110101111111
00110011001101
01010000010100
--------------------------

111111
000011
001101
111111
111111
010111
001101
111111
--------------------------

11111111111111
00000000111111
11111111111111
00111111111111
01000001000001
11000011000011
01001101001101
00010100010100
--------------------------

111111
000011
111111
001111
010101
111111
010101
111111
--------------------------

11
11
00
00
11
01
00
11
--------------------------

11
11
00
11
11
01
00
11
--------------------------

11
11
11
01
00
00
00
11
--------------------------

11
11
11
01
00
11
00
11
--------------------------

11
11
11
01
11
01
00
11
--------------------------

11
11
11
01
11
11
00
11
--------------------------

11
11
11
11
11
01
00
11
--------------------------

1
1
1
1
1
1
0
1
--------------------------
