 221 (0, 1, 2, 3, 4, 5, 7, 9)
 211 (0, 1, 2, 5, 6, 12, 13, 14)
 211 (0, 1, 2, 9, 10, 12, 13, 14)
 211 (0, 3, 4, 5, 7, 8, 9, 11)
 211 (0, 3, 4, 6, 7, 8, 10, 11)
 211 (1, 2, 3, 5, 6, 13, 14, 15)
 211 (1, 2, 3, 9, 10, 13, 14, 15)
 211 (4, 5, 7, 8, 9, 11, 12, 15)
 211 (4, 6, 7, 8, 10, 11, 12, 15)
 216 (0, 1, 2, 4, 5, 10, 12, 14)
 216 (0, 1, 2, 4, 6, 9, 12, 13)
 216 (0, 1, 2, 5, 8, 10, 12, 13)
 216 (0, 1, 2, 6, 8, 9, 12, 14)
 216 (0, 1, 3, 4, 5, 8, 10, 11)
 216 (0, 1, 3, 4, 6, 7, 8, 9)
 216 (0, 1, 3, 4, 6, 7, 9, 11)
 216 (0, 1, 3, 5, 7, 8, 10, 11)
 216 (0, 1, 4, 5, 6, 13, 14, 15)
 216 (0, 1, 4, 5, 7, 9, 11, 15)
 216 (0, 1, 4, 6, 9, 12, 13, 14)
 216 (0, 1, 5, 7, 8, 9, 11, 15)
 216 (0, 1, 5, 8, 10, 12, 13, 14)
 216 (0, 2, 3, 4, 5, 7, 10, 11)
 216 (0, 2, 3, 4, 5, 7, 8, 10)
 216 (0, 2, 3, 4, 6, 8, 9, 11)
 216 (0, 2, 3, 6, 7, 8, 9, 11)
 216 (0, 2, 4, 5, 10, 12, 13, 14)
 216 (0, 2, 4, 5, 6, 13, 14, 15)
 216 (0, 2, 4, 6, 7, 10, 11, 15)
 216 (0, 2, 6, 7, 8, 10, 11, 15)
 216 (0, 2, 6, 8, 9, 12, 13, 14)
 216 (0, 4, 5, 7, 8, 9, 13, 15)
 216 (0, 4, 5, 8, 9, 11, 13, 15)
 216 (1, 2, 3, 4, 5, 6, 12, 13)
 216 (1, 2, 3, 4, 5, 6, 12, 14)
 216 (1, 2, 3, 5, 7, 10, 14, 15)
 216 (1, 2, 3, 6, 7, 9, 13, 15)
 216 (1, 2, 3, 8, 9, 10, 12, 13)
 216 (1, 2, 3, 8, 9, 10, 12, 14)
 216 (1, 3, 4, 5, 7, 8, 9, 12)
 216 (1, 3, 4, 5, 8, 9, 11, 12)
 216 (1, 3, 5, 6, 7, 12, 13, 14)
 216 (2, 3, 4, 6, 7, 8, 10, 12)
 216 (2, 3, 4, 6, 8, 10, 11, 12)
 216 (2, 3, 5, 6, 7, 12, 13, 14)
 216 (3, 4, 5, 7, 9, 11, 12, 13)
 216 (3, 5, 7, 8, 9, 11, 12, 13)
 216 (4, 5, 7, 8, 10, 12, 14, 15)
 216 (4, 5, 8, 10, 11, 12, 13, 15)
 216 (4, 6, 7, 8, 9, 12, 13, 15)
 216 (4, 6, 8, 9, 11, 12, 14, 15)
 218 (0, 1, 2, 3, 4, 5, 8, 11)
 218 (0, 1, 2, 3, 4, 6, 8, 11)
 218 (0, 1, 2, 3, 4, 7, 10, 11)
 218 (0, 1, 2, 3, 4, 7, 8, 10)
 218 (0, 1, 2, 3, 4, 7, 8, 9)
 218 (0, 1, 2, 3, 4, 7, 9, 11)
 218 (0, 1, 2, 3, 5, 7, 8, 11)
 218 (0, 1, 2, 3, 6, 7, 8, 11)
 218 (0, 1, 2, 4, 5, 8, 12, 14)
 218 (0, 1, 2, 4, 6, 8, 12, 13)
 218 (0, 1, 2, 4, 8, 10, 12, 13)
 218 (0, 1, 2, 4, 8, 9, 12, 14)
 218 (0, 1, 4, 8, 10, 12, 13, 14)
 218 (0, 2, 4, 8, 9, 12, 13, 14)
 218 (1, 2, 3, 5, 7, 11, 14, 15)
 218 (1, 2, 3, 6, 7, 11, 13, 15)
 218 (1, 2, 4, 5, 6, 7, 12, 13)
 218 (1, 2, 4, 5, 6, 7, 12, 14)
 218 (1, 2, 4, 5, 6, 7, 13, 15)
 218 (1, 2, 4, 5, 6, 7, 14, 15)
 218 (1, 2, 8, 9, 10, 11, 12, 13)
 218 (1, 2, 8, 9, 10, 11, 12, 14)
 218 (1, 2, 8, 9, 10, 11, 13, 15)
 218 (1, 2, 8, 9, 10, 11, 14, 15)
 218 (1, 3, 4, 5, 6, 7, 13, 14)
 218 (1, 3, 8, 9, 10, 11, 13, 14)
 218 (1, 4, 5, 7, 8, 9, 13, 15)
 218 (1, 4, 5, 7, 9, 11, 12, 13)
 218 (1, 4, 5, 8, 9, 11, 13, 15)
 218 (1, 5, 7, 8, 9, 11, 12, 13)
 218 (2, 3, 4, 5, 6, 7, 13, 14)
 218 (2, 3, 8, 9, 10, 11, 13, 14)
 218 (2, 4, 6, 7, 10, 11, 12, 14)
 218 (2, 4, 6, 7, 8, 10, 14, 15)
 218 (2, 4, 6, 8, 10, 11, 14, 15)
 218 (2, 6, 7, 8, 10, 11, 12, 14)
 218 (4, 5, 8, 11, 12, 13, 14, 15)
 218 (4, 7, 8, 9, 12, 13, 14, 15)
 218 (4, 7, 9, 11, 12, 13, 14, 15)
 218 (5, 7, 8, 11, 12, 13, 14, 15)
 220 (0, 1, 4, 5, 7, 10, 13, 15)
 220 (0, 1, 6, 8, 9, 11, 13, 15)
 220 (0, 2, 4, 6, 7, 9, 14, 15)
 220 (0, 2, 5, 8, 10, 11, 14, 15)
 220 (0, 5, 7, 10, 11, 13, 14, 15)
 220 (0, 6, 7, 9, 11, 13, 14, 15)
 220 (1, 3, 4, 5, 7, 10, 12, 13)
 220 (1, 3, 6, 8, 9, 11, 12, 13)
 220 (2, 3, 4, 6, 7, 9, 12, 14)
 220 (2, 3, 5, 8, 10, 11, 12, 14)
 221 (0, 1, 2, 3, 4, 6, 7, 10)
 221 (0, 1, 2, 4, 5, 6, 7, 12)
 221 (0, 1, 2, 8, 9, 10, 11, 12)
 221 (0, 1, 3, 4, 5, 8, 9, 13)
 221 (0, 1, 3, 4, 7, 12, 14, 15)
 221 (0, 1, 3, 5, 7, 9, 11, 13)
 221 (0, 1, 3, 7, 8, 12, 13, 15)
 221 (0, 1, 4, 5, 6, 8, 12, 13)
 221 (0, 1, 4, 8, 9, 10, 12, 13)
 221 (0, 2, 3, 4, 6, 8, 10, 14)
 221 (0, 2, 3, 4, 7, 12, 13, 15)
 221 (0, 2, 3, 6, 7, 10, 11, 14)
 221 (0, 2, 4, 5, 6, 8, 12, 14)
 221 (0, 2, 4, 8, 9, 10, 12, 14)
 221 (1, 2, 3, 4, 5, 6, 7, 15)
 221 (1, 2, 3, 8, 9, 10, 11, 15)
 221 (1, 2, 4, 5, 6, 9, 10, 11)
 221 (1, 2, 5, 6, 7, 8, 9, 10)
 221 (1, 3, 5, 6, 7, 11, 13, 15)
 221 (1, 4, 5, 6, 8, 9, 10, 14)
 221 (1, 4, 5, 8, 9, 12, 13, 15)
 221 (1, 5, 7, 9, 11, 12, 13, 15)
 221 (2, 3, 5, 6, 7, 11, 14, 15)
 221 (2, 4, 5, 6, 8, 9, 10, 13)
 221 (2, 4, 6, 8, 10, 12, 14, 15)
 221 (2, 6, 7, 10, 11, 12, 14, 15)
 221 (3, 4, 5, 6, 7, 13, 14, 15)
 221 (3, 8, 9, 10, 11, 13, 14, 15)
 221 (4, 5, 7, 9, 12, 13, 14, 15)
 221 (5, 8, 9, 11, 12, 13, 14, 15)
 223 (0, 1, 2, 3, 10, 11, 12, 14)
 223 (0, 1, 2, 3, 6, 7, 12, 14)
 223 (0, 1, 2, 4, 10, 12, 13, 14)
 223 (0, 1, 2, 4, 9, 12, 13, 14)
 223 (0, 1, 2, 5, 10, 11, 13, 15)
 223 (0, 1, 2, 5, 6, 7, 13, 14)
 223 (0, 1, 2, 5, 7, 10, 14, 15)
 223 (0, 1, 2, 5, 8, 12, 13, 14)
 223 (0, 1, 2, 6, 7, 9, 13, 15)
 223 (0, 1, 2, 6, 8, 12, 13, 14)
 223 (0, 1, 2, 6, 9, 11, 14, 15)
 223 (0, 1, 2, 9, 10, 11, 13, 14)
 223 (0, 1, 3, 4, 6, 7, 8, 11)
 223 (0, 1, 3, 4, 7, 8, 10, 11)
 223 (0, 1, 4, 6, 9, 13, 14, 15)
 223 (0, 1, 5, 8, 10, 13, 14, 15)
 223 (0, 2, 3, 4, 5, 7, 8, 11)
 223 (0, 2, 3, 4, 7, 8, 9, 11)
 223 (0, 2, 4, 5, 10, 13, 14, 15)
 223 (0, 2, 6, 8, 9, 13, 14, 15)
 223 (0, 3, 4, 8, 10, 11, 12, 14)
 223 (0, 3, 4, 8, 9, 11, 12, 13)
 223 (0, 3, 7, 8, 10, 11, 14, 15)
 223 (0, 3, 7, 8, 9, 11, 13, 15)
 223 (0, 4, 5, 7, 8, 10, 14, 15)
 223 (0, 4, 5, 7, 8, 9, 11, 13)
 223 (0, 4, 5, 8, 10, 11, 13, 15)
 223 (0, 4, 6, 7, 8, 10, 11, 14)
 223 (0, 4, 6, 7, 8, 9, 13, 15)
 223 (0, 4, 6, 8, 9, 11, 14, 15)
 223 (1, 2, 3, 4, 5, 10, 12, 14)
 223 (1, 2, 3, 4, 5, 6, 13, 14)
 223 (1, 2, 3, 4, 6, 9, 12, 13)
 223 (1, 2, 3, 5, 11, 13, 14, 15)
 223 (1, 2, 3, 5, 8, 10, 12, 13)
 223 (1, 2, 3, 6, 11, 13, 14, 15)
 223 (1, 2, 3, 6, 8, 9, 12, 14)
 223 (1, 2, 3, 7, 10, 13, 14, 15)
 223 (1, 2, 3, 7, 9, 13, 14, 15)
 223 (1, 2, 3, 8, 9, 10, 13, 14)
 223 (1, 2, 4, 5, 6, 13, 14, 15)
 223 (1, 2, 5, 6, 7, 12, 13, 14)
 223 (1, 2, 8, 9, 10, 13, 14, 15)
 223 (1, 2, 9, 10, 11, 12, 13, 14)
 223 (1, 3, 4, 5, 6, 7, 10, 11)
 223 (1, 3, 4, 5, 8, 10, 11, 12)
 223 (1, 3, 4, 6, 7, 8, 9, 12)
 223 (1, 3, 5, 10, 11, 12, 13, 14)
 223 (1, 3, 6, 7, 8, 9, 10, 11)
 223 (1, 3, 6, 7, 9, 12, 13, 14)
 223 (1, 4, 5, 7, 8, 9, 11, 12)
 223 (1, 4, 5, 7, 8, 9, 11, 15)
 223 (1, 4, 5, 9, 10, 12, 13, 14)
 223 (1, 5, 6, 8, 9, 12, 13, 14)
 223 (2, 3, 4, 5, 6, 7, 9, 11)
 223 (2, 3, 4, 5, 7, 8, 10, 12)
 223 (2, 3, 4, 6, 8, 9, 11, 12)
 223 (2, 3, 5, 7, 10, 12, 13, 14)
 223 (2, 3, 5, 7, 8, 9, 10, 11)
 223 (2, 3, 6, 9, 11, 12, 13, 14)
 223 (2, 4, 6, 7, 8, 10, 11, 12)
 223 (2, 4, 6, 7, 8, 10, 11, 15)
 223 (2, 4, 6, 9, 10, 12, 13, 14)
 223 (2, 5, 6, 8, 10, 12, 13, 14)
 223 (3, 4, 5, 7, 10, 11, 12, 14)
 223 (3, 4, 5, 7, 8, 9, 11, 13)
 223 (3, 4, 6, 7, 8, 10, 11, 14)
 223 (3, 4, 6, 7, 9, 11, 12, 13)
 223 (3, 5, 7, 8, 10, 11, 12, 13)
 223 (3, 6, 7, 8, 9, 11, 12, 14)
 223 (4, 5, 7, 8, 11, 12, 14, 15)
 223 (4, 6, 7, 8, 11, 12, 13, 15)
 223 (4, 7, 8, 10, 11, 12, 13, 15)
 223 (4, 7, 8, 9, 11, 12, 14, 15)
 224 (0, 1, 2, 3, 5, 10, 11, 15)
 224 (0, 1, 2, 3, 5, 7, 10, 15)
 224 (0, 1, 2, 3, 6, 7, 9, 15)
 224 (0, 1, 2, 3, 6, 9, 11, 15)
 224 (0, 1, 4, 5, 6, 7, 9, 15)
 224 (0, 1, 5, 8, 9, 10, 11, 15)
 224 (0, 1, 5, 8, 9, 10, 13, 15)
 224 (0, 2, 4, 5, 6, 7, 10, 15)
 224 (0, 2, 6, 8, 9, 10, 11, 15)
 224 (0, 2, 6, 8, 9, 10, 14, 15)
 224 (0, 4, 5, 8, 10, 12, 13, 15)
 224 (0, 4, 5, 8, 10, 12, 14, 15)
 224 (0, 4, 6, 8, 9, 12, 13, 15)
 224 (0, 4, 6, 8, 9, 12, 14, 15)
 224 (1, 3, 4, 5, 6, 7, 9, 12)
 224 (1, 3, 5, 8, 9, 10, 11, 12)
 224 (2, 3, 4, 5, 6, 7, 10, 12)
 224 (2, 3, 6, 8, 9, 10, 11, 12)
 225 (0, 1, 2, 3, 9, 10, 12, 13)
 225 (0, 1, 2, 3, 9, 10, 13, 15)
 225 (0, 1, 2, 5, 6, 10, 12, 14)
 225 (0, 1, 2, 5, 6, 9, 12, 13)
 225 (0, 1, 2, 5, 7, 10, 11, 15)
 225 (0, 1, 2, 5, 9, 10, 12, 13)
 225 (0, 1, 2, 6, 7, 9, 11, 15)
 225 (0, 1, 2, 6, 9, 10, 12, 14)
 225 (0, 1, 3, 4, 6, 7, 9, 15)
 225 (0, 1, 3, 5, 8, 10, 11, 15)
 225 (0, 1, 4, 6, 7, 9, 13, 15)
 225 (0, 1, 4, 6, 9, 12, 13, 15)
 225 (0, 1, 5, 6, 12, 13, 14, 15)
 225 (0, 1, 5, 6, 7, 9, 11, 15)
 225 (0, 1, 5, 7, 9, 10, 11, 15)
 225 (0, 1, 5, 8, 10, 11, 13, 15)
 225 (0, 1, 5, 8, 10, 12, 13, 15)
 225 (0, 1, 5, 9, 10, 12, 13, 14)
 225 (0, 1, 9, 10, 12, 13, 14, 15)
 225 (0, 2, 3, 4, 5, 7, 10, 15)
 225 (0, 2, 3, 6, 8, 9, 11, 15)
 225 (0, 2, 4, 5, 10, 12, 14, 15)
 225 (0, 2, 4, 5, 7, 10, 14, 15)
 225 (0, 2, 5, 6, 12, 13, 14, 15)
 225 (0, 2, 5, 6, 7, 10, 11, 15)
 225 (0, 2, 6, 7, 9, 10, 11, 15)
 225 (0, 2, 6, 8, 9, 11, 14, 15)
 225 (0, 2, 6, 8, 9, 12, 14, 15)
 225 (0, 2, 6, 9, 10, 12, 13, 14)
 225 (0, 2, 9, 10, 12, 13, 14, 15)
 225 (0, 3, 4, 5, 7, 8, 9, 12)
 225 (0, 3, 4, 6, 7, 8, 10, 12)
 225 (0, 4, 5, 6, 10, 13, 14, 15)
 225 (0, 4, 5, 6, 9, 13, 14, 15)
 225 (0, 4, 5, 8, 10, 13, 14, 15)
 225 (0, 4, 6, 8, 9, 13, 14, 15)
 225 (0, 5, 8, 9, 10, 13, 14, 15)
 225 (0, 6, 8, 9, 10, 13, 14, 15)
 225 (1, 2, 3, 4, 5, 6, 10, 12)
 225 (1, 2, 3, 4, 5, 6, 9, 12)
 225 (1, 2, 3, 4, 5, 8, 10, 12)
 225 (1, 2, 3, 4, 6, 8, 9, 12)
 225 (1, 2, 3, 5, 6, 10, 14, 15)
 225 (1, 2, 3, 5, 6, 9, 13, 15)
 225 (1, 2, 3, 5, 8, 9, 10, 12)
 225 (1, 2, 3, 5, 9, 10, 13, 15)
 225 (1, 2, 3, 6, 8, 9, 10, 12)
 225 (1, 2, 3, 6, 9, 10, 14, 15)
 225 (1, 3, 4, 5, 6, 8, 9, 12)
 225 (1, 3, 4, 5, 8, 9, 10, 12)
 225 (1, 3, 4, 6, 7, 9, 12, 13)
 225 (1, 3, 5, 10, 11, 12, 13, 15)
 225 (1, 3, 5, 6, 12, 13, 14, 15)
 225 (1, 3, 5, 8, 10, 11, 12, 13)
 225 (1, 3, 6, 7, 9, 12, 13, 15)
 225 (1, 3, 9, 10, 12, 13, 14, 15)
 225 (2, 3, 4, 5, 6, 8, 10, 12)
 225 (2, 3, 4, 5, 7, 10, 12, 14)
 225 (2, 3, 4, 6, 8, 9, 10, 12)
 225 (2, 3, 5, 6, 12, 13, 14, 15)
 225 (2, 3, 5, 7, 10, 12, 14, 15)
 225 (2, 3, 6, 8, 9, 11, 12, 14)
 225 (2, 3, 6, 9, 11, 12, 14, 15)
 225 (2, 3, 9, 10, 12, 13, 14, 15)
 225 (3, 4, 5, 7, 10, 12, 14, 15)
 225 (3, 4, 6, 7, 9, 12, 13, 15)
 225 (3, 5, 7, 10, 11, 12, 13, 14)
 225 (3, 5, 8, 10, 11, 12, 13, 15)
 225 (3, 6, 7, 9, 11, 12, 13, 14)
 225 (3, 6, 8, 9, 11, 12, 14, 15)
 225 (4, 5, 6, 7, 8, 10, 12, 15)
 225 (4, 5, 6, 7, 8, 9, 12, 15)
 225 (4, 5, 8, 9, 10, 11, 12, 15)
 225 (4, 6, 8, 9, 10, 11, 12, 15)
 226 (0, 1, 2, 3, 5, 11, 13, 15)
 226 (0, 1, 2, 3, 6, 11, 14, 15)
 226 (0, 1, 2, 3, 7, 10, 14, 15)
 226 (0, 1, 2, 3, 7, 9, 13, 15)
 226 (0, 4, 5, 6, 8, 9, 10, 13)
 226 (0, 4, 5, 6, 8, 9, 10, 14)
 226 (0, 4, 5, 7, 8, 12, 14, 15)
 226 (0, 4, 6, 7, 8, 12, 13, 15)
 226 (0, 4, 8, 10, 11, 12, 13, 15)
 226 (0, 4, 8, 9, 11, 12, 14, 15)
 226 (1, 3, 5, 11, 12, 13, 14, 15)
 226 (1, 4, 5, 6, 7, 9, 11, 15)
 226 (1, 4, 5, 6, 9, 13, 14, 15)
 226 (1, 5, 6, 7, 9, 12, 13, 14)
 226 (1, 5, 7, 8, 9, 10, 11, 15)
 226 (1, 5, 8, 9, 10, 13, 14, 15)
 226 (1, 5, 9, 10, 11, 12, 13, 14)
 226 (2, 3, 6, 11, 12, 13, 14, 15)
 226 (2, 3, 7, 10, 12, 13, 14, 15)
 226 (2, 4, 5, 6, 10, 13, 14, 15)
 226 (2, 4, 5, 6, 7, 10, 11, 15)
 226 (2, 5, 6, 7, 10, 12, 13, 14)
 226 (2, 6, 7, 8, 9, 10, 11, 15)
 226 (2, 6, 8, 9, 10, 13, 14, 15)
 226 (2, 6, 9, 10, 11, 12, 13, 14)
 226 (3, 4, 5, 6, 7, 10, 11, 14)
 226 (3, 4, 5, 6, 7, 9, 11, 13)
 226 (3, 5, 7, 8, 9, 10, 11, 13)
 226 (3, 6, 7, 8, 9, 10, 11, 14)
 226 (3, 7, 8, 10, 11, 12, 13, 15)
 226 (3, 7, 8, 9, 11, 12, 14, 15)
 228 (0, 1, 2, 4, 5, 13, 14, 15)
 228 (0, 1, 2, 4, 5, 7, 13, 14)
 228 (0, 1, 2, 4, 6, 13, 14, 15)
 228 (0, 1, 2, 4, 6, 7, 13, 14)
 228 (0, 1, 2, 5, 7, 9, 10, 11)
 228 (0, 1, 2, 5, 8, 10, 13, 14)
 228 (0, 1, 2, 6, 7, 9, 10, 11)
 228 (0, 1, 2, 6, 8, 9, 13, 14)
 228 (0, 1, 2, 8, 10, 13, 14, 15)
 228 (0, 1, 2, 8, 9, 13, 14, 15)
 228 (0, 1, 3, 5, 8, 11, 13, 15)
 228 (0, 1, 4, 5, 7, 8, 10, 11)
 228 (0, 1, 4, 6, 7, 8, 9, 11)
 228 (0, 1, 4, 7, 9, 12, 13, 15)
 228 (0, 2, 3, 6, 8, 11, 14, 15)
 228 (0, 2, 4, 5, 7, 8, 10, 11)
 228 (0, 2, 4, 6, 7, 8, 9, 11)
 228 (0, 2, 8, 9, 11, 12, 14, 15)
 228 (1, 2, 3, 4, 5, 12, 13, 14)
 228 (1, 2, 3, 4, 5, 7, 13, 14)
 228 (1, 2, 3, 4, 6, 12, 13, 14)
 228 (1, 2, 3, 4, 6, 7, 13, 14)
 228 (1, 2, 3, 5, 7, 10, 13, 14)
 228 (1, 2, 3, 6, 7, 9, 13, 14)
 228 (1, 2, 3, 7, 10, 11, 13, 14)
 228 (1, 2, 3, 7, 9, 11, 13, 14)
 228 (1, 2, 3, 8, 9, 11, 13, 14)
 228 (1, 2, 8, 9, 11, 13, 14, 15)
 228 (1, 3, 4, 6, 7, 12, 13, 15)
 228 (1, 3, 4, 7, 9, 12, 13, 15)
 228 (1, 3, 5, 8, 11, 12, 13, 15)
 228 (1, 3, 8, 10, 11, 12, 13, 15)
 228 (1, 4, 5, 7, 8, 11, 12, 13)
 228 (1, 4, 5, 7, 8, 11, 13, 15)
 228 (1, 4, 7, 8, 9, 11, 12, 13)
 228 (2, 3, 4, 5, 7, 12, 14, 15)
 228 (2, 3, 4, 7, 10, 12, 14, 15)
 228 (2, 3, 6, 8, 11, 12, 14, 15)
 228 (2, 3, 8, 9, 11, 12, 14, 15)
 228 (2, 4, 6, 7, 8, 11, 12, 14)
 228 (2, 4, 6, 7, 8, 11, 14, 15)
 228 (4, 5, 7, 8, 10, 11, 12, 13)
 228 (4, 6, 7, 8, 11, 12, 13, 14)
 228 (4, 6, 7, 8, 9, 11, 12, 13)
 228 (4, 7, 8, 10, 11, 12, 13, 14)
 229 (0, 1, 2, 3, 4, 7, 10, 12)
 229 (0, 1, 2, 3, 4, 7, 10, 15)
 229 (0, 1, 2, 3, 6, 8, 11, 12)
 229 (0, 1, 2, 3, 6, 8, 11, 15)
 229 (0, 1, 2, 4, 5, 9, 10, 12)
 229 (0, 1, 2, 4, 6, 9, 10, 12)
 229 (0, 1, 2, 5, 6, 8, 10, 12)
 229 (0, 1, 2, 5, 6, 8, 9, 12)
 229 (0, 1, 3, 4, 5, 6, 8, 10)
 229 (0, 1, 3, 4, 6, 8, 9, 10)
 229 (0, 1, 3, 4, 8, 10, 12, 13)
 229 (0, 1, 3, 6, 7, 11, 13, 15)
 229 (0, 1, 4, 8, 10, 12, 13, 15)
 229 (0, 1, 5, 6, 7, 9, 11, 13)
 229 (0, 1, 5, 7, 9, 10, 11, 13)
 229 (0, 2, 3, 4, 8, 9, 12, 14)
 229 (0, 2, 3, 5, 7, 11, 14, 15)
 229 (0, 2, 4, 8, 9, 12, 14, 15)
 229 (0, 2, 5, 6, 7, 10, 11, 14)
 229 (0, 2, 6, 7, 9, 10, 11, 14)
 229 (0, 4, 5, 6, 7, 10, 13, 14)
 229 (0, 4, 5, 6, 7, 9, 13, 14)
 229 (0, 4, 7, 9, 12, 13, 14, 15)
 229 (0, 5, 8, 11, 12, 13, 14, 15)
 229 (0, 5, 8, 9, 10, 11, 13, 14)
 229 (0, 6, 8, 9, 10, 11, 13, 14)
 229 (1, 2, 3, 5, 6, 10, 11, 15)
 229 (1, 2, 3, 5, 6, 9, 11, 15)
 229 (1, 2, 3, 5, 7, 9, 10, 15)
 229 (1, 2, 3, 6, 7, 9, 10, 15)
 229 (1, 2, 4, 5, 6, 7, 10, 15)
 229 (1, 2, 4, 5, 6, 7, 9, 15)
 229 (1, 2, 5, 8, 9, 10, 11, 15)
 229 (1, 2, 6, 8, 9, 10, 11, 15)
 229 (1, 3, 6, 7, 11, 12, 13, 15)
 229 (1, 3, 8, 9, 10, 12, 13, 15)
 229 (1, 4, 5, 6, 8, 9, 13, 15)
 229 (1, 4, 5, 8, 9, 10, 13, 15)
 229 (2, 3, 8, 9, 10, 12, 14, 15)
 229 (2, 4, 5, 6, 8, 10, 14, 15)
 229 (2, 4, 6, 8, 9, 10, 14, 15)
 229 (3, 4, 7, 9, 12, 13, 14, 15)
 229 (4, 5, 6, 8, 10, 12, 13, 15)
 229 (4, 5, 6, 8, 9, 12, 14, 15)
 229 (4, 5, 8, 9, 10, 12, 14, 15)
 229 (4, 6, 8, 9, 10, 12, 13, 15)
 230 (0, 1, 2, 3, 5, 10, 12, 13)
 230 (0, 1, 2, 3, 5, 10, 12, 14)
 230 (0, 1, 2, 3, 5, 10, 13, 15)
 230 (0, 1, 2, 3, 5, 10, 14, 15)
 230 (0, 1, 2, 3, 6, 9, 12, 13)
 230 (0, 1, 2, 3, 6, 9, 12, 14)
 230 (0, 1, 2, 3, 6, 9, 13, 15)
 230 (0, 1, 2, 3, 6, 9, 14, 15)
 230 (0, 1, 2, 5, 6, 10, 14, 15)
 230 (0, 1, 2, 5, 6, 9, 13, 15)
 230 (0, 1, 2, 5, 9, 10, 13, 15)
 230 (0, 1, 2, 6, 9, 10, 14, 15)
 230 (0, 1, 5, 10, 12, 13, 14, 15)
 230 (0, 1, 5, 6, 9, 13, 14, 15)
 230 (0, 1, 5, 9, 10, 13, 14, 15)
 230 (0, 1, 6, 9, 12, 13, 14, 15)
 230 (0, 2, 5, 10, 12, 13, 14, 15)
 230 (0, 2, 5, 6, 10, 13, 14, 15)
 230 (0, 2, 6, 9, 10, 13, 14, 15)
 230 (0, 2, 6, 9, 12, 13, 14, 15)
 230 (0, 3, 4, 5, 7, 10, 11, 15)
 230 (0, 3, 4, 5, 7, 8, 10, 12)
 230 (0, 3, 4, 5, 8, 10, 11, 12)
 230 (0, 3, 4, 6, 7, 8, 9, 12)
 230 (0, 3, 4, 6, 7, 9, 11, 15)
 230 (0, 3, 4, 6, 8, 9, 11, 12)
 230 (0, 3, 5, 7, 8, 10, 11, 15)
 230 (0, 3, 6, 7, 8, 9, 11, 15)
 230 (0, 4, 5, 6, 7, 10, 11, 15)
 230 (0, 4, 5, 6, 7, 8, 10, 15)
 230 (0, 4, 5, 6, 7, 8, 9, 15)
 230 (0, 4, 5, 6, 7, 9, 11, 15)
 230 (0, 4, 5, 7, 8, 10, 12, 15)
 230 (0, 4, 5, 8, 10, 11, 12, 15)
 230 (0, 4, 5, 8, 9, 10, 11, 15)
 230 (0, 4, 6, 7, 8, 9, 12, 15)
 230 (0, 4, 6, 8, 9, 10, 11, 15)
 230 (0, 4, 6, 8, 9, 11, 12, 15)
 230 (0, 5, 7, 8, 9, 10, 11, 15)
 230 (0, 6, 7, 8, 9, 10, 11, 15)
 230 (1, 2, 3, 5, 6, 10, 12, 14)
 230 (1, 2, 3, 5, 6, 9, 12, 13)
 230 (1, 2, 3, 5, 9, 10, 12, 13)
 230 (1, 2, 3, 6, 9, 10, 12, 14)
 230 (1, 3, 5, 10, 12, 13, 14, 15)
 230 (1, 3, 5, 6, 9, 12, 13, 14)
 230 (1, 3, 5, 9, 10, 12, 13, 14)
 230 (1, 3, 6, 9, 12, 13, 14, 15)
 230 (2, 3, 5, 10, 12, 13, 14, 15)
 230 (2, 3, 5, 6, 10, 12, 13, 14)
 230 (2, 3, 6, 9, 10, 12, 13, 14)
 230 (2, 3, 6, 9, 12, 13, 14, 15)
 230 (3, 4, 5, 6, 7, 10, 11, 12)
 230 (3, 4, 5, 6, 7, 8, 10, 12)
 230 (3, 4, 5, 6, 7, 8, 9, 12)
 230 (3, 4, 5, 6, 7, 9, 11, 12)
 230 (3, 4, 5, 7, 10, 11, 12, 15)
 230 (3, 4, 5, 8, 9, 10, 11, 12)
 230 (3, 4, 6, 7, 9, 11, 12, 15)
 230 (3, 4, 6, 8, 9, 10, 11, 12)
 230 (3, 5, 7, 8, 10, 11, 12, 15)
 230 (3, 5, 7, 8, 9, 10, 11, 12)
 230 (3, 6, 7, 8, 9, 10, 11, 12)
 230 (3, 6, 7, 8, 9, 11, 12, 15)
 231 (0, 1, 2, 3, 4, 7, 12, 13)
 231 (0, 1, 2, 3, 4, 7, 12, 14)
 231 (0, 1, 2, 3, 4, 7, 13, 15)
 231 (0, 1, 2, 3, 4, 7, 14, 15)
 231 (0, 1, 2, 3, 8, 11, 12, 13)
 231 (0, 1, 2, 3, 8, 11, 12, 14)
 231 (0, 1, 2, 3, 8, 11, 13, 15)
 231 (0, 1, 2, 3, 8, 11, 14, 15)
 231 (0, 1, 3, 4, 7, 11, 13, 15)
 231 (0, 1, 3, 4, 7, 8, 12, 13)
 231 (0, 1, 3, 4, 8, 11, 12, 13)
 231 (0, 1, 3, 7, 8, 11, 13, 15)
 231 (0, 1, 4, 6, 9, 11, 14, 15)
 231 (0, 1, 4, 7, 12, 13, 14, 15)
 231 (0, 1, 4, 8, 11, 12, 13, 15)
 231 (0, 1, 5, 7, 8, 10, 14, 15)
 231 (0, 1, 8, 11, 12, 13, 14, 15)
 231 (0, 2, 3, 4, 7, 11, 14, 15)
 231 (0, 2, 3, 4, 7, 8, 12, 14)
 231 (0, 2, 3, 4, 8, 11, 12, 14)
 231 (0, 2, 3, 7, 8, 11, 14, 15)
 231 (0, 2, 4, 5, 10, 11, 13, 15)
 231 (0, 2, 4, 7, 12, 13, 14, 15)
 231 (0, 2, 4, 7, 8, 12, 14, 15)
 231 (0, 2, 6, 7, 8, 9, 13, 15)
 231 (0, 2, 8, 11, 12, 13, 14, 15)
 231 (1, 2, 4, 5, 6, 7, 10, 11)
 231 (1, 2, 4, 5, 6, 7, 8, 10)
 231 (1, 2, 4, 5, 6, 7, 8, 9)
 231 (1, 2, 4, 5, 6, 7, 9, 11)
 231 (1, 2, 4, 5, 6, 8, 10, 14)
 231 (1, 2, 4, 5, 6, 8, 9, 13)
 231 (1, 2, 4, 5, 8, 9, 10, 11)
 231 (1, 2, 4, 5, 8, 9, 10, 13)
 231 (1, 2, 4, 6, 8, 9, 10, 11)
 231 (1, 2, 4, 6, 8, 9, 10, 14)
 231 (1, 2, 5, 6, 7, 10, 11, 14)
 231 (1, 2, 5, 6, 7, 9, 11, 13)
 231 (1, 2, 5, 7, 8, 9, 10, 11)
 231 (1, 2, 5, 7, 9, 10, 11, 13)
 231 (1, 2, 6, 7, 8, 9, 10, 11)
 231 (1, 2, 6, 7, 9, 10, 11, 14)
 231 (1, 3, 4, 5, 10, 11, 12, 14)
 231 (1, 3, 6, 7, 8, 9, 12, 14)
 231 (1, 3, 7, 8, 11, 12, 13, 15)
 231 (1, 3, 8, 11, 12, 13, 14, 15)
 231 (1, 4, 5, 6, 8, 9, 13, 14)
 231 (1, 4, 5, 8, 9, 10, 13, 14)
 231 (1, 5, 6, 7, 9, 11, 13, 14)
 231 (1, 5, 7, 9, 10, 11, 13, 14)
 231 (2, 3, 4, 6, 9, 11, 12, 13)
 231 (2, 3, 4, 7, 11, 12, 14, 15)
 231 (2, 3, 4, 7, 12, 13, 14, 15)
 231 (2, 3, 5, 7, 8, 10, 12, 13)
 231 (2, 4, 5, 6, 8, 10, 13, 14)
 231 (2, 4, 6, 8, 9, 10, 13, 14)
 231 (2, 5, 6, 7, 10, 11, 13, 14)
 231 (2, 6, 7, 9, 10, 11, 13, 14)
 231 (4, 5, 6, 7, 10, 11, 13, 14)
 231 (4, 5, 6, 7, 8, 10, 13, 14)
 231 (4, 5, 6, 7, 8, 9, 13, 14)
 231 (4, 5, 6, 7, 9, 11, 13, 14)
 231 (4, 5, 8, 9, 10, 11, 13, 14)
 231 (4, 6, 8, 9, 10, 11, 13, 14)
 231 (5, 7, 8, 9, 10, 11, 13, 14)
 231 (6, 7, 8, 9, 10, 11, 13, 14)
 232 (0, 1, 2, 4, 9, 10, 12, 13)
 232 (0, 1, 2, 4, 9, 10, 12, 14)
 232 (0, 1, 2, 5, 6, 7, 12, 13)
 232 (0, 1, 2, 5, 6, 7, 12, 14)
 232 (0, 1, 2, 5, 6, 8, 12, 13)
 232 (0, 1, 2, 5, 6, 8, 12, 14)
 232 (0, 1, 2, 9, 10, 11, 12, 13)
 232 (0, 1, 2, 9, 10, 11, 12, 14)
 232 (0, 1, 3, 4, 6, 7, 10, 11)
 232 (0, 1, 3, 4, 6, 7, 8, 10)
 232 (0, 1, 3, 4, 6, 8, 10, 11)
 232 (0, 1, 3, 6, 7, 8, 10, 11)
 232 (0, 1, 4, 9, 10, 12, 13, 14)
 232 (0, 1, 5, 6, 7, 12, 13, 14)
 232 (0, 1, 5, 6, 8, 12, 13, 14)
 232 (0, 1, 9, 10, 11, 12, 13, 14)
 232 (0, 2, 3, 4, 5, 7, 8, 9)
 232 (0, 2, 3, 4, 5, 7, 9, 11)
 232 (0, 2, 3, 4, 5, 8, 9, 11)
 232 (0, 2, 3, 5, 7, 8, 9, 11)
 232 (0, 2, 4, 9, 10, 12, 13, 14)
 232 (0, 2, 5, 6, 7, 12, 13, 14)
 232 (0, 2, 5, 6, 8, 12, 13, 14)
 232 (0, 2, 9, 10, 11, 12, 13, 14)
 232 (0, 3, 4, 5, 7, 8, 9, 13)
 232 (0, 3, 4, 5, 7, 9, 11, 13)
 232 (0, 3, 4, 5, 8, 9, 11, 13)
 232 (0, 3, 4, 6, 7, 10, 11, 14)
 232 (0, 3, 4, 6, 7, 8, 10, 14)
 232 (0, 3, 4, 6, 8, 10, 11, 14)
 232 (0, 3, 5, 7, 8, 9, 11, 13)
 232 (0, 3, 6, 7, 8, 10, 11, 14)
 232 (1, 2, 3, 4, 5, 6, 13, 15)
 232 (1, 2, 3, 4, 5, 6, 14, 15)
 232 (1, 2, 3, 5, 6, 11, 13, 15)
 232 (1, 2, 3, 5, 6, 11, 14, 15)
 232 (1, 2, 3, 7, 9, 10, 13, 15)
 232 (1, 2, 3, 7, 9, 10, 14, 15)
 232 (1, 2, 3, 8, 9, 10, 13, 15)
 232 (1, 2, 3, 8, 9, 10, 14, 15)
 232 (1, 3, 4, 5, 6, 13, 14, 15)
 232 (1, 3, 5, 6, 11, 13, 14, 15)
 232 (1, 3, 7, 9, 10, 13, 14, 15)
 232 (1, 3, 8, 9, 10, 13, 14, 15)
 232 (1, 4, 5, 7, 8, 9, 12, 15)
 232 (1, 4, 5, 7, 9, 11, 12, 15)
 232 (1, 4, 5, 8, 9, 11, 12, 15)
 232 (1, 5, 7, 8, 9, 11, 12, 15)
 232 (2, 3, 4, 5, 6, 13, 14, 15)
 232 (2, 3, 5, 6, 11, 13, 14, 15)
 232 (2, 3, 7, 9, 10, 13, 14, 15)
 232 (2, 3, 8, 9, 10, 13, 14, 15)
 232 (2, 4, 6, 7, 10, 11, 12, 15)
 232 (2, 4, 6, 7, 8, 10, 12, 15)
 232 (2, 4, 6, 8, 10, 11, 12, 15)
 232 (2, 6, 7, 8, 10, 11, 12, 15)
 232 (4, 5, 7, 8, 9, 12, 14, 15)
 232 (4, 5, 7, 9, 11, 12, 14, 15)
 232 (4, 5, 8, 9, 11, 12, 14, 15)
 232 (4, 6, 7, 10, 11, 12, 13, 15)
 232 (4, 6, 7, 8, 10, 12, 13, 15)
 232 (4, 6, 8, 10, 11, 12, 13, 15)
 232 (5, 7, 8, 9, 11, 12, 14, 15)
 232 (6, 7, 8, 10, 11, 12, 13, 15)
 233 (0, 1, 2, 3, 4, 10, 11, 15)
 233 (0, 1, 2, 3, 4, 5, 11, 12)
 233 (0, 1, 2, 3, 4, 6, 11, 12)
 233 (0, 1, 2, 3, 5, 7, 8, 15)
 233 (0, 1, 2, 3, 6, 7, 8, 15)
 233 (0, 1, 2, 3, 7, 8, 10, 12)
 233 (0, 1, 2, 3, 7, 8, 9, 12)
 233 (0, 1, 3, 4, 8, 9, 12, 14)
 233 (0, 1, 3, 7, 9, 11, 14, 15)
 233 (0, 1, 4, 5, 6, 7, 9, 14)
 233 (0, 1, 4, 5, 6, 9, 11, 13)
 233 (0, 1, 4, 6, 8, 12, 14, 15)
 233 (0, 1, 4, 8, 10, 12, 14, 15)
 233 (0, 1, 5, 7, 8, 9, 10, 13)
 233 (0, 1, 5, 8, 9, 10, 11, 14)
 233 (0, 2, 3, 4, 8, 10, 12, 13)
 233 (0, 2, 3, 7, 10, 11, 13, 15)
 233 (0, 2, 4, 5, 6, 10, 11, 14)
 233 (0, 2, 4, 5, 6, 7, 10, 13)
 233 (0, 2, 4, 5, 8, 12, 13, 15)
 233 (0, 2, 4, 8, 9, 12, 13, 15)
 233 (0, 2, 6, 7, 8, 9, 10, 14)
 233 (0, 2, 6, 8, 9, 10, 11, 13)
 233 (0, 4, 5, 11, 12, 13, 14, 15)
 233 (0, 4, 6, 11, 12, 13, 14, 15)
 233 (0, 7, 8, 10, 12, 13, 14, 15)
 233 (0, 7, 8, 9, 12, 13, 14, 15)
 233 (1, 3, 4, 5, 6, 7, 9, 14)
 233 (1, 3, 4, 5, 9, 10, 11, 13)
 233 (1, 3, 5, 6, 7, 8, 9, 13)
 233 (1, 3, 5, 8, 9, 10, 11, 14)
 233 (1, 3, 6, 7, 11, 12, 14, 15)
 233 (1, 3, 7, 10, 11, 12, 14, 15)
 233 (1, 4, 5, 6, 7, 10, 12, 14)
 233 (1, 4, 5, 6, 7, 10, 14, 15)
 233 (1, 4, 5, 6, 9, 11, 12, 13)
 233 (1, 4, 5, 9, 10, 11, 13, 15)
 233 (1, 5, 6, 7, 8, 9, 13, 15)
 233 (1, 5, 7, 8, 9, 10, 12, 13)
 233 (1, 6, 8, 9, 10, 11, 12, 14)
 233 (1, 6, 8, 9, 10, 11, 14, 15)
 233 (2, 3, 4, 5, 6, 7, 10, 13)
 233 (2, 3, 4, 6, 9, 10, 11, 14)
 233 (2, 3, 5, 6, 7, 8, 10, 14)
 233 (2, 3, 5, 7, 11, 12, 13, 15)
 233 (2, 3, 6, 8, 9, 10, 11, 13)
 233 (2, 3, 7, 9, 11, 12, 13, 15)
 233 (2, 4, 5, 6, 10, 11, 12, 14)
 233 (2, 4, 5, 6, 7, 9, 12, 13)
 233 (2, 4, 5, 6, 7, 9, 13, 15)
 233 (2, 4, 6, 9, 10, 11, 14, 15)
 233 (2, 5, 6, 7, 8, 10, 14, 15)
 233 (2, 5, 8, 9, 10, 11, 12, 13)
 233 (2, 5, 8, 9, 10, 11, 13, 15)
 233 (2, 6, 7, 8, 9, 10, 12, 14)
 233 (3, 4, 10, 11, 12, 13, 14, 15)
 233 (3, 4, 9, 11, 12, 13, 14, 15)
 233 (3, 5, 7, 8, 12, 13, 14, 15)
 233 (3, 6, 7, 8, 12, 13, 14, 15)
 234 (0, 1, 2, 3, 5, 10, 11, 12)
 234 (0, 1, 2, 3, 5, 7, 10, 12)
 234 (0, 1, 2, 3, 6, 7, 9, 12)
 234 (0, 1, 2, 3, 6, 9, 11, 12)
 234 (0, 1, 4, 5, 6, 7, 10, 15)
 234 (0, 1, 5, 6, 9, 11, 13, 15)
 234 (0, 1, 5, 7, 9, 10, 13, 15)
 234 (0, 1, 6, 8, 9, 10, 11, 15)
 234 (0, 2, 4, 5, 6, 7, 9, 15)
 234 (0, 2, 5, 6, 10, 11, 14, 15)
 234 (0, 2, 5, 8, 9, 10, 11, 15)
 234 (0, 2, 6, 7, 9, 10, 14, 15)
 234 (0, 3, 4, 5, 8, 10, 12, 13)
 234 (0, 3, 4, 5, 8, 10, 12, 14)
 234 (0, 3, 4, 6, 8, 9, 12, 13)
 234 (0, 3, 4, 6, 8, 9, 12, 14)
 234 (0, 3, 5, 7, 10, 11, 13, 15)
 234 (0, 3, 5, 7, 10, 11, 14, 15)
 234 (0, 3, 6, 7, 9, 11, 13, 15)
 234 (0, 3, 6, 7, 9, 11, 14, 15)
 234 (0, 5, 10, 11, 12, 13, 14, 15)
 234 (0, 5, 7, 10, 12, 13, 14, 15)
 234 (0, 6, 7, 9, 12, 13, 14, 15)
 234 (0, 6, 9, 11, 12, 13, 14, 15)
 234 (1, 3, 4, 5, 6, 7, 10, 12)
 234 (1, 3, 4, 5, 9, 10, 12, 13)
 234 (1, 3, 5, 6, 8, 9, 12, 13)
 234 (1, 3, 5, 6, 9, 11, 12, 13)
 234 (1, 3, 6, 8, 9, 10, 11, 12)
 234 (2, 3, 4, 5, 6, 7, 9, 12)
 234 (2, 3, 4, 6, 9, 10, 12, 14)
 234 (2, 3, 5, 6, 10, 11, 12, 14)
 234 (2, 3, 5, 6, 8, 10, 12, 14)
 234 (2, 3, 5, 8, 9, 10, 11, 12)
 234 (3, 4, 5, 10, 12, 13, 14, 15)
 234 (3, 4, 5, 6, 7, 9, 12, 14)
 234 (3, 4, 6, 9, 12, 13, 14, 15)
 234 (3, 5, 8, 9, 10, 11, 12, 14)
 237 (0, 1, 2, 4, 7, 13, 14, 15)
 237 (0, 1, 2, 5, 7, 11, 14, 15)
 237 (0, 1, 2, 6, 7, 11, 13, 15)
 237 (0, 1, 2, 7, 10, 11, 13, 15)
 237 (0, 1, 2, 7, 9, 11, 14, 15)
 237 (0, 1, 2, 8, 11, 13, 14, 15)
 237 (0, 1, 4, 7, 8, 11, 13, 15)
 237 (0, 2, 4, 7, 8, 11, 14, 15)
 237 (0, 4, 5, 8, 11, 13, 14, 15)
 237 (0, 4, 6, 8, 11, 13, 14, 15)
 237 (0, 4, 7, 8, 10, 13, 14, 15)
 237 (0, 4, 7, 8, 9, 13, 14, 15)
 237 (1, 2, 3, 4, 5, 8, 11, 12)
 237 (1, 2, 3, 4, 5, 8, 12, 14)
 237 (1, 2, 3, 4, 6, 8, 11, 12)
 237 (1, 2, 3, 4, 6, 8, 12, 13)
 237 (1, 2, 3, 4, 7, 12, 13, 14)
 237 (1, 2, 3, 4, 7, 8, 10, 12)
 237 (1, 2, 3, 4, 7, 8, 9, 12)
 237 (1, 2, 3, 4, 8, 10, 12, 13)
 237 (1, 2, 3, 4, 8, 9, 12, 14)
 237 (1, 2, 3, 8, 11, 12, 13, 14)
 237 (1, 2, 4, 5, 7, 10, 14, 15)
 237 (1, 2, 4, 5, 7, 8, 10, 11)
 237 (1, 2, 4, 5, 8, 10, 13, 14)
 237 (1, 2, 4, 6, 7, 8, 9, 11)
 237 (1, 2, 4, 6, 7, 9, 13, 15)
 237 (1, 2, 4, 6, 8, 9, 13, 14)
 237 (1, 2, 5, 7, 10, 11, 13, 14)
 237 (1, 2, 5, 8, 10, 11, 13, 15)
 237 (1, 2, 6, 7, 9, 11, 13, 14)
 237 (1, 2, 6, 8, 9, 11, 14, 15)
 237 (1, 3, 4, 6, 7, 9, 13, 14)
 237 (1, 3, 4, 7, 8, 11, 12, 13)
 237 (1, 3, 5, 8, 10, 11, 13, 14)
 237 (1, 4, 5, 8, 10, 11, 13, 15)
 237 (1, 4, 6, 7, 8, 9, 13, 15)
 237 (1, 4, 6, 7, 9, 11, 12, 13)
 237 (1, 5, 7, 8, 10, 11, 12, 13)
 237 (2, 3, 4, 5, 7, 10, 13, 14)
 237 (2, 3, 4, 7, 8, 11, 12, 14)
 237 (2, 3, 6, 8, 9, 11, 13, 14)
 237 (2, 4, 5, 7, 10, 11, 12, 14)
 237 (2, 4, 5, 7, 8, 10, 14, 15)
 237 (2, 4, 6, 8, 9, 11, 14, 15)
 237 (2, 6, 7, 8, 9, 11, 12, 14)
 237 (4, 5, 7, 8, 10, 11, 13, 14)
 237 (4, 6, 7, 8, 9, 11, 13, 14)
 238 (1, 3, 4, 6, 7, 10, 12, 14)
 238 (1, 3, 6, 8, 10, 11, 12, 14)
 238 (2, 3, 4, 5, 7, 9, 12, 13)
 238 (2, 3, 5, 8, 9, 11, 12, 13)
 238 (3, 4, 5, 10, 11, 13, 14, 15)
 238 (3, 4, 6, 9, 11, 13, 14, 15)
 238 (3, 5, 7, 8, 10, 13, 14, 15)
 238 (3, 6, 7, 8, 9, 13, 14, 15)
 239 (0, 1, 2, 5, 10, 11, 13, 14)
 239 (0, 1, 2, 5, 7, 10, 13, 14)
 239 (0, 1, 2, 6, 7, 9, 13, 14)
 239 (0, 1, 2, 6, 9, 11, 13, 14)
 239 (0, 1, 3, 4, 6, 13, 14, 15)
 239 (0, 1, 3, 5, 6, 12, 14, 15)
 239 (0, 1, 3, 8, 10, 13, 14, 15)
 239 (0, 1, 4, 6, 7, 9, 10, 11)
 239 (0, 1, 4, 6, 9, 10, 13, 14)
 239 (0, 1, 4, 7, 9, 11, 12, 15)
 239 (0, 1, 5, 6, 7, 8, 10, 11)
 239 (0, 1, 5, 6, 8, 10, 13, 14)
 239 (0, 1, 5, 6, 9, 10, 12, 14)
 239 (0, 1, 5, 7, 8, 11, 12, 15)
 239 (0, 2, 3, 4, 5, 13, 14, 15)
 239 (0, 2, 3, 5, 6, 12, 13, 15)
 239 (0, 2, 3, 8, 9, 13, 14, 15)
 239 (0, 2, 4, 5, 7, 9, 10, 11)
 239 (0, 2, 4, 5, 9, 10, 13, 14)
 239 (0, 2, 4, 7, 10, 11, 12, 15)
 239 (0, 2, 5, 6, 7, 8, 9, 11)
 239 (0, 2, 5, 6, 8, 9, 13, 14)
 239 (0, 2, 5, 6, 9, 10, 12, 13)
 239 (0, 2, 6, 7, 8, 11, 12, 15)
 239 (1, 2, 3, 4, 5, 10, 13, 14)
 239 (1, 2, 3, 4, 6, 9, 13, 14)
 239 (1, 2, 3, 5, 8, 10, 13, 14)
 239 (1, 2, 3, 6, 8, 9, 13, 14)
 240 (0, 1, 2, 3, 4, 11, 13, 15)
 240 (0, 1, 2, 3, 4, 11, 14, 15)
 240 (0, 1, 2, 3, 7, 8, 12, 13)
 240 (0, 1, 2, 3, 7, 8, 12, 14)
 240 (0, 1, 2, 4, 10, 11, 12, 14)
 240 (0, 1, 2, 4, 9, 10, 11, 13)
 240 (0, 1, 2, 4, 9, 10, 11, 14)
 240 (0, 1, 2, 4, 9, 11, 12, 13)
 240 (0, 1, 2, 5, 6, 7, 8, 13)
 240 (0, 1, 2, 5, 6, 7, 8, 14)
 240 (0, 1, 2, 5, 7, 8, 12, 13)
 240 (0, 1, 2, 6, 7, 8, 12, 14)
 240 (0, 1, 3, 4, 6, 7, 11, 14)
 240 (0, 1, 3, 4, 6, 7, 8, 14)
 240 (0, 1, 3, 4, 8, 10, 11, 14)
 240 (0, 1, 3, 4, 8, 11, 12, 14)
 240 (0, 1, 3, 7, 8, 10, 11, 14)
 240 (0, 1, 4, 6, 7, 8, 10, 14)
 240 (0, 1, 4, 6, 8, 10, 11, 14)
 240 (0, 1, 4, 9, 11, 12, 13, 14)
 240 (0, 1, 5, 7, 8, 12, 13, 14)
 240 (0, 2, 3, 4, 5, 7, 11, 13)
 240 (0, 2, 3, 4, 5, 7, 8, 13)
 240 (0, 2, 3, 4, 8, 11, 12, 13)
 240 (0, 2, 3, 4, 8, 9, 11, 13)
 240 (0, 2, 3, 7, 8, 9, 11, 13)
 240 (0, 2, 4, 10, 11, 12, 13, 14)
 240 (0, 2, 4, 5, 7, 8, 9, 13)
 240 (0, 2, 4, 5, 8, 9, 11, 13)
 240 (0, 2, 6, 7, 8, 12, 13, 14)
 240 (1, 2, 3, 4, 5, 11, 13, 15)
 240 (1, 2, 3, 4, 6, 11, 14, 15)
 240 (1, 2, 3, 7, 8, 10, 14, 15)
 240 (1, 2, 3, 7, 8, 9, 13, 15)
 240 (1, 3, 4, 6, 7, 10, 11, 14)
 240 (1, 3, 6, 7, 8, 10, 11, 14)
 240 (1, 4, 5, 6, 11, 13, 14, 15)
 240 (1, 4, 5, 6, 7, 10, 11, 14)
 240 (1, 4, 5, 6, 7, 8, 10, 14)
 240 (1, 4, 5, 7, 8, 12, 14, 15)
 240 (1, 4, 5, 7, 9, 11, 14, 15)
 240 (1, 4, 6, 8, 9, 10, 11, 14)
 240 (1, 4, 8, 9, 11, 12, 14, 15)
 240 (1, 4, 9, 10, 11, 12, 13, 14)
 240 (1, 5, 6, 7, 8, 12, 13, 14)
 240 (1, 5, 7, 8, 9, 11, 14, 15)
 240 (1, 6, 7, 8, 9, 10, 11, 14)
 240 (1, 7, 8, 9, 10, 13, 14, 15)
 240 (2, 3, 4, 5, 7, 9, 11, 13)
 240 (2, 3, 5, 7, 8, 9, 11, 13)
 240 (2, 4, 5, 6, 11, 13, 14, 15)
 240 (2, 4, 5, 6, 7, 8, 9, 13)
 240 (2, 4, 5, 6, 7, 9, 11, 13)
 240 (2, 4, 5, 8, 9, 10, 11, 13)
 240 (2, 4, 6, 7, 10, 11, 13, 15)
 240 (2, 4, 6, 7, 8, 12, 13, 15)
 240 (2, 4, 8, 10, 11, 12, 13, 15)
 240 (2, 4, 9, 10, 11, 12, 13, 14)
 240 (2, 5, 6, 7, 8, 12, 13, 14)
 240 (2, 5, 7, 8, 9, 10, 11, 13)
 240 (2, 6, 7, 8, 10, 11, 13, 15)
 240 (2, 7, 8, 9, 10, 13, 14, 15)
 242 (0, 1, 2, 4, 11, 12, 13, 14)
 242 (0, 1, 2, 7, 8, 12, 13, 14)
 242 (0, 1, 3, 4, 5, 10, 13, 14)
 242 (0, 1, 3, 4, 7, 8, 11, 14)
 242 (0, 1, 3, 6, 8, 9, 13, 14)
 242 (0, 1, 4, 5, 7, 10, 11, 12)
 242 (0, 1, 6, 10, 11, 13, 14, 15)
 242 (0, 1, 6, 7, 10, 13, 14, 15)
 242 (0, 1, 6, 7, 8, 9, 11, 12)
 242 (0, 2, 3, 4, 6, 9, 13, 14)
 242 (0, 2, 3, 4, 7, 8, 11, 13)
 242 (0, 2, 3, 5, 8, 10, 13, 14)
 242 (0, 2, 4, 6, 7, 9, 11, 12)
 242 (0, 2, 5, 7, 8, 10, 11, 12)
 242 (0, 2, 5, 7, 9, 13, 14, 15)
 242 (0, 2, 5, 9, 11, 13, 14, 15)
 242 (0, 4, 7, 9, 10, 11, 13, 15)
 242 (0, 4, 7, 9, 10, 11, 14, 15)
 242 (0, 5, 6, 7, 8, 11, 13, 15)
 242 (0, 5, 6, 7, 8, 11, 14, 15)
 242 (1, 2, 3, 4, 11, 13, 14, 15)
 242 (1, 2, 3, 7, 8, 13, 14, 15)
 242 (1, 2, 4, 5, 10, 12, 13, 15)
 242 (1, 2, 4, 6, 9, 12, 14, 15)
 242 (1, 2, 4, 9, 10, 11, 13, 14)
 242 (1, 2, 5, 6, 7, 8, 13, 14)
 242 (1, 2, 5, 8, 10, 12, 14, 15)
 242 (1, 2, 6, 8, 9, 12, 13, 15)
 242 (1, 3, 4, 5, 7, 8, 10, 15)
 242 (1, 3, 4, 6, 10, 12, 13, 14)
 242 (1, 3, 4, 6, 8, 9, 11, 15)
 242 (1, 3, 4, 7, 9, 10, 11, 12)
 242 (1, 3, 5, 6, 7, 8, 11, 12)
 242 (1, 3, 6, 8, 10, 12, 13, 14)
 242 (1, 4, 6, 7, 8, 10, 11, 14)
 242 (1, 4, 7, 8, 11, 12, 14, 15)
 242 (2, 3, 4, 5, 8, 10, 11, 15)
 242 (2, 3, 4, 5, 9, 12, 13, 14)
 242 (2, 3, 4, 6, 7, 8, 9, 15)
 242 (2, 3, 4, 7, 9, 10, 11, 12)
 242 (2, 3, 5, 6, 7, 8, 11, 12)
 242 (2, 3, 5, 8, 9, 12, 13, 14)
 242 (2, 4, 5, 7, 8, 9, 11, 13)
 242 (2, 4, 7, 8, 11, 12, 13, 15)
 243 (0, 1, 4, 6, 9, 10, 11, 14)
 243 (0, 1, 5, 6, 7, 8, 10, 14)
 243 (0, 1, 5, 7, 8, 12, 14, 15)
 243 (0, 2, 4, 5, 9, 10, 11, 13)
 243 (0, 2, 5, 6, 7, 8, 9, 13)
 243 (0, 2, 6, 7, 8, 12, 13, 15)
 243 (1, 3, 7, 8, 9, 12, 14, 15)
 243 (2, 3, 7, 8, 10, 12, 13, 15)
 244 (0, 1, 2, 3, 5, 10, 12, 15)
 244 (0, 1, 2, 3, 6, 9, 12, 15)
 244 (0, 1, 2, 4, 7, 11, 13, 15)
 244 (0, 1, 2, 4, 7, 11, 14, 15)
 244 (0, 1, 2, 7, 8, 11, 13, 15)
 244 (0, 1, 2, 7, 8, 11, 14, 15)
 244 (0, 1, 3, 4, 6, 9, 12, 15)
 244 (0, 1, 3, 4, 7, 10, 11, 15)
 244 (0, 1, 3, 5, 10, 11, 12, 15)
 244 (0, 1, 3, 5, 6, 10, 12, 14)
 244 (0, 1, 3, 5, 6, 10, 14, 15)
 244 (0, 1, 3, 5, 8, 10, 12, 15)
 244 (0, 1, 3, 6, 7, 8, 11, 15)
 244 (0, 1, 3, 6, 7, 9, 12, 15)
 244 (0, 1, 3, 6, 9, 10, 12, 14)
 244 (0, 1, 3, 6, 9, 10, 14, 15)
 244 (0, 1, 4, 10, 12, 13, 14, 15)
 244 (0, 1, 4, 7, 8, 13, 14, 15)
 244 (0, 1, 4, 8, 11, 13, 14, 15)
 244 (0, 1, 5, 6, 7, 9, 13, 14)
 244 (0, 1, 5, 6, 9, 10, 13, 15)
 244 (0, 1, 5, 9, 10, 11, 13, 14)
 244 (0, 1, 6, 8, 12, 13, 14, 15)
 244 (0, 2, 3, 4, 5, 10, 12, 15)
 244 (0, 2, 3, 4, 7, 9, 11, 15)
 244 (0, 2, 3, 5, 6, 9, 12, 13)
 244 (0, 2, 3, 5, 6, 9, 13, 15)
 244 (0, 2, 3, 5, 7, 10, 12, 15)
 244 (0, 2, 3, 5, 7, 8, 11, 15)
 244 (0, 2, 3, 5, 9, 10, 12, 13)
 244 (0, 2, 3, 5, 9, 10, 13, 15)
 244 (0, 2, 3, 6, 8, 9, 12, 15)
 244 (0, 2, 3, 6, 9, 11, 12, 15)
 244 (0, 2, 4, 7, 8, 13, 14, 15)
 244 (0, 2, 4, 8, 11, 13, 14, 15)
 244 (0, 2, 4, 9, 12, 13, 14, 15)
 244 (0, 2, 5, 6, 7, 10, 13, 14)
 244 (0, 2, 5, 6, 9, 10, 14, 15)
 244 (0, 2, 5, 8, 12, 13, 14, 15)
 244 (0, 2, 6, 9, 10, 11, 13, 14)
 244 (0, 3, 4, 5, 8, 10, 12, 15)
 244 (0, 3, 4, 5, 9, 10, 11, 12)
 244 (0, 3, 4, 6, 8, 9, 12, 15)
 244 (0, 3, 4, 6, 9, 10, 11, 12)
 244 (0, 3, 5, 10, 12, 13, 14, 15)
 244 (0, 3, 5, 6, 7, 8, 10, 12)
 244 (0, 3, 5, 6, 7, 8, 9, 12)
 244 (0, 3, 5, 7, 10, 11, 12, 15)
 244 (0, 3, 6, 7, 9, 11, 12, 15)
 244 (0, 3, 6, 9, 12, 13, 14, 15)
 244 (0, 4, 5, 6, 7, 10, 11, 14)
 244 (0, 4, 5, 6, 7, 9, 10, 15)
 244 (0, 4, 5, 6, 7, 9, 11, 13)
 244 (0, 4, 5, 6, 9, 10, 13, 15)
 244 (0, 4, 5, 6, 9, 10, 14, 15)
 244 (0, 4, 5, 9, 10, 12, 14, 15)
 244 (0, 4, 6, 9, 10, 12, 13, 15)
 244 (0, 5, 6, 8, 10, 12, 13, 15)
 244 (0, 5, 6, 8, 9, 10, 11, 15)
 244 (0, 5, 6, 8, 9, 10, 13, 15)
 244 (0, 5, 6, 8, 9, 10, 14, 15)
 244 (0, 5, 6, 8, 9, 12, 14, 15)
 244 (0, 5, 7, 8, 9, 10, 11, 13)
 244 (0, 6, 7, 8, 9, 10, 11, 14)
 244 (1, 2, 3, 4, 7, 8, 12, 13)
 244 (1, 2, 3, 4, 7, 8, 12, 14)
 244 (1, 2, 3, 4, 8, 11, 12, 13)
 244 (1, 2, 3, 4, 8, 11, 12, 14)
 244 (1, 2, 4, 5, 7, 10, 11, 14)
 244 (1, 2, 4, 5, 7, 8, 10, 14)
 244 (1, 2, 4, 5, 8, 10, 11, 13)
 244 (1, 2, 4, 6, 7, 8, 9, 13)
 244 (1, 2, 4, 6, 7, 9, 11, 13)
 244 (1, 2, 4, 6, 8, 9, 11, 14)
 244 (1, 2, 5, 7, 8, 10, 11, 13)
 244 (1, 2, 6, 7, 8, 9, 11, 14)
 244 (1, 3, 4, 5, 6, 9, 10, 12)
 244 (1, 3, 4, 7, 11, 12, 13, 14)
 244 (1, 3, 5, 6, 8, 9, 10, 12)
 244 (1, 3, 5, 6, 9, 10, 12, 13)
 244 (1, 3, 7, 8, 11, 12, 13, 14)
 244 (1, 4, 5, 8, 10, 11, 13, 14)
 244 (1, 4, 6, 7, 8, 9, 13, 14)
 244 (1, 4, 6, 7, 9, 11, 13, 14)
 244 (1, 5, 7, 8, 10, 11, 13, 14)
 244 (2, 3, 4, 7, 11, 12, 13, 14)
 244 (2, 3, 5, 6, 9, 10, 12, 14)
 244 (2, 3, 7, 8, 11, 12, 13, 14)
 244 (2, 4, 5, 7, 10, 11, 13, 14)
 244 (2, 4, 5, 7, 8, 10, 13, 14)
 244 (2, 4, 6, 8, 9, 11, 13, 14)
 244 (2, 6, 7, 8, 9, 11, 13, 14)
 244 (3, 4, 5, 6, 7, 9, 10, 12)
 244 (3, 5, 6, 8, 9, 10, 11, 12)
 245 (0, 1, 2, 3, 4, 9, 10, 12)
 245 (0, 1, 2, 3, 5, 6, 11, 15)
 245 (0, 1, 2, 3, 5, 6, 8, 12)
 245 (0, 1, 2, 3, 7, 9, 10, 15)
 245 (0, 1, 3, 4, 6, 8, 10, 12)
 245 (0, 1, 3, 6, 7, 10, 11, 15)
 245 (0, 1, 5, 6, 7, 9, 12, 13)
 245 (0, 1, 5, 9, 10, 11, 12, 13)
 245 (0, 2, 3, 4, 5, 8, 9, 12)
 245 (0, 2, 3, 5, 7, 9, 11, 15)
 245 (0, 2, 5, 6, 7, 10, 12, 14)
 245 (0, 2, 6, 9, 10, 11, 12, 14)
 245 (0, 3, 4, 5, 6, 7, 10, 14)
 245 (0, 3, 4, 5, 6, 7, 9, 13)
 245 (0, 3, 5, 8, 9, 10, 11, 13)
 245 (0, 3, 6, 8, 9, 10, 11, 14)
 245 (0, 4, 5, 8, 9, 12, 14, 15)
 245 (0, 4, 6, 8, 10, 12, 13, 15)
 245 (0, 4, 9, 10, 12, 13, 14, 15)
 245 (0, 5, 6, 8, 12, 13, 14, 15)
 245 (1, 3, 4, 5, 6, 9, 13, 15)
 245 (1, 3, 5, 8, 9, 10, 13, 15)
 245 (1, 4, 5, 6, 7, 9, 12, 15)
 245 (1, 5, 8, 9, 10, 11, 12, 15)
 245 (2, 3, 4, 5, 6, 10, 14, 15)
 245 (2, 3, 6, 8, 9, 10, 14, 15)
 245 (2, 4, 5, 6, 7, 10, 12, 15)
 245 (2, 6, 8, 9, 10, 11, 12, 15)
 245 (3, 5, 6, 11, 12, 13, 14, 15)
 245 (3, 5, 7, 9, 11, 12, 14, 15)
 245 (3, 6, 7, 10, 11, 12, 13, 15)
 245 (3, 7, 9, 10, 12, 13, 14, 15)
 246 (0, 1, 3, 4, 6, 10, 11, 15)
 246 (0, 1, 3, 6, 7, 8, 10, 15)
 246 (0, 1, 4, 9, 10, 12, 14, 15)
 246 (0, 1, 5, 6, 7, 9, 12, 14)
 246 (0, 1, 5, 6, 8, 12, 14, 15)
 246 (0, 1, 5, 9, 10, 11, 12, 14)
 246 (0, 2, 3, 4, 5, 9, 11, 12)
 246 (0, 2, 3, 4, 5, 9, 11, 15)
 246 (0, 2, 3, 5, 7, 8, 9, 12)
 246 (0, 2, 3, 5, 7, 8, 9, 15)
 246 (0, 2, 4, 9, 10, 12, 13, 15)
 246 (0, 2, 5, 6, 7, 10, 12, 13)
 246 (0, 2, 5, 6, 8, 12, 13, 15)
 246 (0, 2, 6, 9, 10, 11, 12, 13)
 246 (0, 3, 4, 5, 6, 10, 11, 14)
 246 (0, 3, 4, 5, 6, 9, 11, 13)
 246 (0, 3, 4, 5, 9, 10, 11, 13)
 246 (0, 3, 4, 6, 9, 10, 11, 14)
 246 (0, 3, 5, 6, 7, 8, 10, 14)
 246 (0, 3, 5, 6, 7, 8, 9, 13)
 246 (0, 3, 5, 7, 8, 9, 10, 13)
 246 (0, 3, 6, 7, 8, 9, 10, 14)
 246 (1, 3, 4, 5, 6, 9, 14, 15)
 246 (1, 3, 5, 6, 11, 12, 14, 15)
 246 (1, 3, 5, 8, 9, 10, 14, 15)
 246 (1, 3, 7, 9, 10, 12, 14, 15)
 246 (2, 3, 4, 5, 6, 10, 13, 15)
 246 (2, 3, 5, 6, 11, 12, 13, 15)
 246 (2, 3, 6, 8, 9, 10, 13, 15)
 246 (2, 3, 7, 9, 10, 12, 13, 15)
 254 (0, 1, 2, 3, 5, 6, 12, 15)
 254 (0, 1, 2, 3, 9, 10, 12, 15)
 254 (0, 1, 5, 6, 9, 10, 12, 13)
 254 (0, 2, 5, 6, 9, 10, 12, 14)
 254 (0, 3, 4, 5, 6, 7, 9, 10)
 254 (0, 3, 4, 5, 8, 9, 12, 15)
 254 (0, 3, 4, 6, 8, 10, 12, 15)
 254 (0, 3, 5, 6, 12, 13, 14, 15)
 254 (0, 3, 5, 6, 8, 9, 10, 11)
 254 (0, 3, 5, 7, 9, 11, 12, 15)
 254 (0, 3, 6, 7, 10, 11, 12, 15)
 254 (0, 3, 9, 10, 12, 13, 14, 15)
 254 (1, 3, 5, 6, 9, 10, 13, 15)
 254 (2, 3, 5, 6, 9, 10, 14, 15)
 254 (4, 5, 6, 7, 9, 10, 12, 15)
 254 (5, 6, 8, 9, 10, 11, 12, 15)
 255 (0, 1, 3, 6, 9, 12, 14, 15)
 255 (0, 1, 5, 6, 9, 10, 14, 15)
 255 (0, 2, 3, 5, 10, 12, 13, 15)
 255 (0, 2, 5, 6, 9, 10, 13, 15)
 255 (0, 3, 4, 6, 9, 11, 12, 15)
 255 (0, 3, 6, 7, 8, 9, 12, 15)
 255 (0, 4, 5, 6, 9, 10, 11, 15)
 255 (0, 5, 6, 7, 8, 9, 10, 15)
 255 (3, 4, 5, 6, 9, 10, 11, 12)
 255 (3, 5, 6, 7, 8, 9, 10, 12)




